Detector throughput values
——
Wavelength_microns Throughput
2.0004663860000003 1.7911368754631042e-12
2.002074478 2.5344376991635788e-12
2.00368257 3.3872207023255276e-12
2.005290662 2.891853959468528e-12
2.006898754 2.219181716269822e-12
2.008506846 1.461348755287244e-12
2.010114938 2.2400250647936047e-12
2.01172303 2.7626249579910593e-12
2.013331122 3.1941298893936973e-12
2.014939214 3.248116153140682e-12
2.016547306 3.0833946454723725e-12
2.018155398 2.729718275176398e-12
2.01976349 1.873552074019135e-12
2.021371582 1.0712976837162563e-12
2.022979674 1.3534956740469878e-13
2.0245877660000002 8.518620307802266e-14
2.026195858 2.8148502566051634e-13
2.027803949 4.228357574418601e-13
2.029412041 6.612645863690749e-13
2.031020133 7.514401379685323e-13
2.032628225 4.23278484454443e-13
2.034236317 5.202931756329573e-13
2.035844409 5.69565292015899e-13
2.037452501 5.9117725715628e-13
2.039060593 5.160344162034174e-13
2.040668685 6.313966884774502e-13
2.042276777 7.296552308564941e-13
2.0438848689999998 8.68986076873007e-13
2.045492961 9.049675979971823e-13
2.047101053 9.007229000791312e-13
2.0487091449999997 1.0061548659775294e-12
2.0503172370000002 1.159747153285796e-12
2.0519253290000004 1.3789167890001852e-12
2.053533421 1.7419032760433158e-12
2.055141513 1.7841172704938118e-12
2.056749605 1.7398999475530663e-12
2.058357697 1.2413417722570086e-12
2.059965788 1.0577344300112012e-12
2.06157388 1.282907063071703e-12
2.0631819719999998 2.2488387348221114e-12
2.064790064 3.3900265193534113e-12
2.066398156 3.7534774691450775e-12
2.068006248 3.0299514871667465e-12
2.06961434 1.8730685311325395e-12
2.071222432 7.273842391794449e-13
2.072830524 4.766763561265172e-13
2.074438616 7.015474636863947e-13
2.076046708 1.990714545693001e-12
2.0776548 4.909755410072101e-12
2.079262892 7.109500266988845e-12
2.080870984 8.435168893317907e-12
2.0824790760000003 6.2469376010399e-12
2.084087168 6.047880844783168e-12
2.08569526 4.8819920560831095e-12
2.0873033519999997 4.192372350221456e-12
2.088911444 5.410241689624979e-12
2.090519536 7.971873745279941e-12
2.092127627 1.0547021117561873e-11
2.0937357189999997 1.672148275273269e-11
2.0953438110000002 2.1293047657208028e-11
2.0969519030000003 2.654919557561458e-11
2.098559995 2.9809849637784184e-11
2.100168087 3.512933518996137e-11
2.101776179 3.262810136523502e-11
2.103384271 2.7912788249223503e-11
2.104992363 1.110459257710794e-11
2.1066004549999997 5.104995471298231e-12
2.1082085470000003 1.7115944150612187e-12
2.109816639 1.9264662016083697e-12
2.111424731 1.4036958672057997e-11
2.113032823 2.1389341147928077e-11
2.114640915 3.0853635593588284e-11
2.116249007 3.8303788988971326e-11
2.1178570989999996 9.43141263229209e-11
2.1194651909999997 9.669240409019886e-11
2.1210732830000003 9.856493041938725e-11
2.122681375 8.656743781126865e-11
2.124289466 8.084690459129908e-11
2.125897558 6.892341700191908e-11
2.1275056500000002 5.814321168791469e-11
2.129113742 6.649018039378544e-11
2.130721834 8.415181867674065e-11
2.1323299259999997 1.0817407404286173e-10
2.133938018 1.2313597311879021e-10
2.1355461100000004 1.414601061203205e-10
2.137154202 1.181317734638553e-10
2.138762294 1.0836050755898248e-10
2.140370386 6.208207709848457e-11
2.141978478 4.302563393730299e-11
2.14358657 3.7190970075594764e-11
2.1451946619999998 5.2925146503033605e-11
2.146802754 5.5124631088073924e-11
2.1484108460000004 4.0204391004314964e-11
2.150018938 1.2039128986639145e-11
2.15162703 3.682489027787642e-12
2.153235122 4.1096713249026066e-11
2.154843214 6.108050981492936e-11
2.156451305 9.112012613094332e-11
2.158059397 1.0304369488964739e-10
2.159667489 1.1398644005264198e-10
2.161275581 9.22120032216249e-11
2.1628836729999996 6.820431534882426e-11
2.164491765 6.73737176630631e-11
2.1660998570000003 6.685344994218029e-11
2.167707949 7.31584688018771e-11
2.169316041 4.402803543873154e-11
2.170924133 3.9988261178494946e-11
2.172532225 2.847933813407047e-11
2.174140317 4.652339104308224e-11
2.1757484089999997 4.558091815593382e-11
2.177356501 3.21247944621645e-11
2.1789645930000003 9.976154942792718e-12
2.180572685 5.060276746511283e-12
2.182180777 7.348525015815194e-11
2.183788869 2.7470535677820156e-11
2.185396961 1.0382475539215562e-11
2.187005053 2.1853645284019742e-12
2.1886131449999997 5.649716498948745e-12
2.1902212359999997 2.0427853020451445e-11
2.191829328 2.5726334319686748e-11
2.1934374200000004 1.9178928368922314e-11
2.195045512 1.8783704039325774e-12
2.196653604 5.587996762027008e-13
2.198261696 3.2609149159979203e-12
2.199869788 3.61762171147888e-11
2.20147788 1.2952502545225292e-10
2.203085972 1.8639458447838517e-10
2.204694064 2.44385432970708e-10
2.206302156 2.390872977733901e-10
2.207910248 2.908041462663901e-10
2.2095183400000002 2.7473246908312244e-11
2.211126432 2.185649141521342e-12
2.212734524 8.185867528016686e-13
2.2143426159999997 9.423801613164063e-13
2.215950708 1.8877756523651846e-12
2.2175588 3.029320640596652e-11
2.219166892 4.911168854104659e-10
2.220774984 6.886494675519481e-10
2.222383075 6.384879656842537e-10
2.2239911670000003 2.1439849081330153e-10
2.225599259 2.3513419182167383e-11
2.227207351 3.5141698860872637e-12
2.228815443 1.591016150652794e-11
2.230423535 1.3471647800295096e-10
2.232031627 3.0482355057923476e-10
2.2336397189999997 4.018973731570063e-10
2.2352478110000003 2.1954483193178955e-10
2.236855903 2.2277968590301165e-11
2.238463995 4.791278715994707e-12
2.240072087 4.910514548879022e-12
2.241680179 5.424805934218901e-12
2.243288271 6.045782332449812e-12
2.2448963629999996 6.804127367281748e-12
2.2465044549999997 8.372835209705137e-12
2.2481125470000003 3.780808034584777e-11
2.249720639 3.232520111034126e-10
2.251328731 1.0071536775061154e-09
2.252936823 1.849531110901096e-09
2.2545449140000002 2.976700016610273e-09
2.256153006 3.1901242802469434e-09
2.257761098 3.4041001337638403e-09
2.2593691899999997 4.658016392188505e-09
2.260977282 6.736187220547981e-09
2.262585374 9.015113213080397e-09
2.264193466 1.0563200175602655e-08
2.265801558 1.2259329867682196e-08
2.2674096500000003 1.1976634953963645e-08
2.269017742 1.1626514276104135e-08
2.270625834 4.751795460526249e-09
2.2722339259999997 2.772055546043815e-09
2.273842018 7.97823333125423e-09
2.2754501100000004 4.584341080754386e-09
2.277058202 3.51720624100434e-09
2.278666294 1.258920774575137e-09
2.280274386 4.83186172038598e-10
2.281882478 1.7385487448953617e-09
2.28349057 4.167739209042528e-10
2.285098662 1.0668850136508074e-10
2.286706753 6.096758604041345e-11
2.288314845 6.431164960333591e-11
2.2899229369999996 6.823583233202851e-11
2.291531029 7.276124356632337e-11
2.2931391210000003 7.797876666651188e-11
2.294747213 1.3694985865246976e-10
2.296355305 1.0509703848196933e-09
2.297963397 1.221141980844493e-08
2.299571489 2.531283335349312e-09
2.301179581 1.0426517969811627e-08
2.3027876729999996 6.542555839599537e-08
2.304395765 8.19152312240838e-08
2.3060038570000003 1.1253438853553654e-07
2.307611949 1.4791898102704322e-07
2.309220041 2.0194334419593804e-07
2.310828133 3.1752086776392877e-07
2.312436225 4.5551501588273154e-07
2.314044317 6.730565094791817e-07
2.3156524089999997 1.020859116105252e-06
2.3172605010000003 1.561246435079012e-06
2.318868592 2.3627196947834105e-06
2.3204766840000004 3.218083608589415e-06
2.322084776 4.358561776471216e-06
2.323692868 5.691719438325255e-06
2.32530096 7.151331946909533e-06
2.326909052 8.877775142256678e-06
2.328517144 1.0658764591583245e-05
2.3301252359999998 1.2648842513810441e-05
2.331733328 1.506809949412855e-05
2.33334142 1.8184515638408454e-05
2.334949512 2.176833010011418e-05
2.3365576040000002 2.5332058427622675e-05
2.338165696 2.8979936912743597e-05
2.339773788 3.252048021639663e-05
2.3413818799999997 3.476716306978099e-05
2.342989972 3.682450377526448e-05
2.344598064 3.831751906124894e-05
2.346206156 3.928951298130093e-05
2.347814248 4.019593057454357e-05
2.3494223400000003 3.9719676853096036e-05
2.3510304310000003 3.906268671718779e-05
2.352638523 3.857631202242462e-05
2.354246615 3.8560769276302886e-05
2.3558547069999998 3.869351356670062e-05
2.357462799 3.9284896828602435e-05
2.359070891 4.020047279935833e-05
2.3606789829999997 4.137310958355089e-05
2.3622870750000002 4.2206645815875464e-05
2.363895167 4.3080809585472094e-05
2.365503259 4.388387167904656e-05
2.367111351 4.440349966514894e-05
2.368719443 4.481504547554331e-05
2.370327535 4.5477675876334234e-05
2.371935627 4.6456217895924886e-05
2.3735437189999997 4.730865265541788e-05
2.3751518110000003 4.9220205287018504e-05
2.376759903 5.129549070979231e-05
2.378367995 5.312566481161108e-05
2.379976087 5.3236506428209775e-05
2.381584179 5.332652698234452e-05
2.383192271 5.260226771471064e-05
2.384800362 5.067122572421435e-05
2.3864084539999997 4.88026100120898e-05
2.388016546 4.750470373117338e-05
2.389624638 4.645259052879316e-05
2.39123273 4.5453619775298005e-05
2.392840822 4.532298735749112e-05
2.3944489140000003 4.536954390279186e-05
2.396057006 4.532756050566012e-05
2.397665098 4.443286198749918e-05
2.3992731899999997 4.3587416138121644e-05
2.400881282 4.29732658913779e-05
2.4024893740000004 4.270816482358569e-05
2.404097466 4.250428031082469e-05
2.405705558 4.272994478170465e-05
2.40731365 4.320741833228729e-05
2.408921742 4.370294949257035e-05
2.410529834 4.445904593351469e-05
2.4121379259999998 4.5297855289327836e-05
2.413746018 4.6166413643151833e-05
2.41535411 4.6977769361061615e-05
2.416962201 4.78007421621095e-05
2.418570293 4.8161626851994305e-05
2.4201783850000003 4.715949451852422e-05
2.421786477 4.622836371769382e-05
2.423394569 4.556053476380659e-05
2.425002661 4.523017731895506e-05
2.426610753 4.489863857303876e-05
2.428218845 4.453691826426468e-05
2.4298269369999996 4.415297852771846e-05
2.431435029 4.37738885373568e-05
2.4330431210000003 4.3249678010387064e-05
2.434651213 4.269561102527547e-05
2.436259305 4.215323304648074e-05
2.4378673969999998 4.235742161806119e-05
2.439475489 4.261309209385377e-05
2.441083581 4.284818472756139e-05
2.4426916729999997 4.2785777311773065e-05
2.4442997650000002 4.27386556882227e-05
2.4459078570000004 4.2594533066376616e-05
2.447515949 4.2067346436678846e-05
2.44912404 4.156088824688267e-05
2.450732132 4.129964358161824e-05
2.452340224 4.141961776130482e-05
2.453948316 4.154755705805504e-05
2.455556408 4.210562231652807e-05
2.4571644999999998 4.3162455244950127e-05
2.458772592 4.424689837781491e-05
2.460380684 4.449764746079281e-05
2.461988776 4.4111376913078166e-05
2.463596868 4.373012319086505e-05
2.46520496 4.343582113818585e-05
2.466813052 4.3195985672597486e-05
2.468421144 4.296971597751783e-05
2.470029236 4.2889840174458314e-05
2.471637328 4.2866366404488075e-05
2.47324542 4.285829232180641e-05
2.474853512 4.2540895309735254e-05
2.4764616040000003 4.212829218940858e-05
2.478069696 4.17346554284044e-05
2.479677788 4.197282610139253e-05
2.481285879 4.228907555260334e-05
2.4828939709999998 4.258960935194877e-05
2.484502063 4.305294474586048e-05
2.486110155 4.354010333300367e-05
2.4877182469999997 4.404129601517719e-05
2.489326339 4.439654912194518e-05
2.4909344310000003 4.4742336953215824e-05
2.492542523 4.508606336850236e-05
2.494150615 4.421199457931968e-05
2.495758707 4.333953274315353e-05
2.497366799 4.248753022171899e-05
2.498974891 4.1286797624975424e-05
2.499778162 0.0003114526464023762
2.5011293930000003 0.00029699998474433625
2.502480624 0.0002808598583785213
2.5038318559999997 0.00027252402274553626
2.505183087 0.0002655159444021203
2.506534319 0.0002497517840514252
2.50788555 0.0002295676286503205
2.509236782 0.00021186867658804182
2.510588013 0.00019614269438845248
2.511939244 0.00018304333862352874
2.5132904760000003 0.00016760145687536656
2.514641707 0.00014992444255583148
2.515992939 0.00013235122900727843
2.51734417 0.00012740406765120158
2.5186954019999996 0.00010851591401439973
2.5200466329999998 0.00010490816740550587
2.521397865 9.22391768341186e-05
2.522749096 8.310718783804837e-05
2.524100327 7.245984198674307e-05
2.525451559 6.117302887698534e-05
2.52680279 5.6345023628017305e-05
2.5281540220000003 4.681467318374171e-05
2.529505253 4.862267408710314e-05
2.5308564849999997 4.113015785550084e-05
2.532207716 3.226857962619011e-05
2.533558948 3.669841986127812e-05
2.534910179 3.180320392736879e-05
2.5362614100000003 2.654035206386732e-05
2.537612642 2.1534923945563288e-05
2.538963873 1.8413105867435025e-05
2.5403151050000004 1.849796987196188e-05
2.5416663359999996 1.4496259072118531e-05
2.5430175680000002 1.2182598158806244e-05
2.544368799 1.5695988221194977e-05
2.54572003 1.4209371760948674e-05
2.547071262 1.2821936448100814e-05
2.548422493 1.8798167791328017e-05
2.549773725 1.835159532268523e-05
2.551124956 1.3567902800893565e-05
2.552476188 1.1634710662060667e-05
2.553827419 1.0206944717080792e-05
2.5551786510000003 5.451305036766554e-06
2.556529882 9.392610516887963e-06
2.557881113 8.830757358218274e-06
2.559232345 1.0876276811040338e-05
2.560583576 1.1679043327059935e-05
2.561934808 6.197024093927263e-06
2.5632860390000003 4.79241336341691e-06
2.564637271 6.388308419669706e-06
2.565988502 1.0128002621139307e-05
2.567339733 6.742507183915691e-06
2.5686909649999996 6.786094216178384e-06
2.5700421959999997 4.129423086472732e-06
2.571393428 6.315909596576482e-07
2.572744659 3.3773004430780794e-06
2.574095891 7.087324374430792e-06
2.575447122 6.372840751890055e-06
2.576798354 3.936823511962069e-08
2.5781495850000002 5.788107057317735e-07
2.5795008160000004 1.095599109065072e-06
2.580852048 3.4806477285666533e-06
2.582203279 6.846805127727898e-06
2.583554511 4.471568069697908e-06
2.584905742 5.723143437715362e-07
2.586256974 8.082138678436679e-07
2.587608205 3.5891049648568203e-06
2.588959437 3.041369277602001e-06
2.590310668 5.433953039844081e-06
2.591661899 5.555076537950095e-06
2.593013131 2.0068646677015517e-06
2.594364362 3.521957950268286e-07
2.5957155939999996 1.6600212439052828e-06
2.5970668249999997 4.3798244736733165e-09
2.598418057 1.4871849364957115e-07
2.599769288 2.1816014222280393e-06
2.601120519 6.205385329944682e-07
2.602471751 3.1580784136451017e-07
2.603822982 6.981581334602966e-07
2.6051742140000003 2.01323241744367e-06
2.6065254450000004 3.7026529300374845e-06
2.607876677 1.658987790266044e-06
2.609227908 2.4262412320400344e-06
2.61057914 5.4990095904217306e-06
2.611930371 2.7545923856535876e-06
2.613281602 6.938345948555706e-09
2.614632834 2.0445509467538526e-06
2.615984065 1.6696908193782435e-06
2.617335297 1.406729440738598e-06
2.618686528 3.8551705020384496e-07
2.62003776 1.3178429641866654e-06
2.621388991 2.607507762918234e-06
2.622740222 3.2684741549584963e-06
2.6240914539999998 1.8862120530336645e-06
2.625442685 7.546276488015373e-08
2.626793917 7.231598873164493e-07
2.628145148 3.160911836652822e-06
2.62949638 4.214523127692467e-06
2.630847611 2.925357146707884e-06
2.6321988430000003 2.1002891623512054e-08
2.6335500740000004 4.868841467052198e-08
2.634901305 2.8194544048152275e-07
2.636252537 2.6257803948077034e-07
2.637603768 3.2279807229442905e-06
2.6389549999999997 1.386854771045692e-06
2.640306231 7.612618989417431e-07
2.641657463 4.353823468843781e-07
2.643008694 5.605809961000906e-08
2.6443599250000003 6.52279186699523e-07
2.645711157 5.316974210745117e-06
2.6470623879999997 1.8653616290677084e-06
2.64841362 4.450434976737666e-09
2.649764851 4.449468135621604e-09
2.651116083 2.6250562485804287e-06
2.652467314 8.673398930507886e-07
2.653818546 1.6075400565820282e-06
2.6551697770000002 8.719112307770941e-07
2.6565210080000004 2.452490721576627e-07
2.65787224 2.7647641808117314e-06
2.659223471 4.442137252035269e-09
2.6605747030000004 3.4081016066797367e-08
2.6619259339999997 5.481467294849994e-07
2.663277166 7.282315499897743e-07
2.664628397 2.6868090248983936e-06
2.6659796289999997 3.2451717917510694e-07
2.66733086 1.9664439253792496e-06
2.668682091 1.613706478984627e-06
2.670033323 2.411894162185186e-06
2.6713845540000003 2.1755811783584594e-06
2.672735786 1.109771079729898e-06
2.6740870169999997 4.907375154824969e-07
2.675438249 1.8504274167002105e-07
2.67678948 2.0145192821466708e-08
2.678140711 3.133324455475521e-06
2.679491943 3.7860662100471903e-07
2.680843174 8.779311600503029e-09
2.6821944060000003 1.803492824138916e-06
2.6835456370000004 8.910723697257305e-07
2.684896869 1.8275014160026672e-06
2.6862481 8.615039288364708e-07
2.6875993319999996 5.759776413901585e-09
2.6889505629999997 8.098867126670362e-07
2.690301794 8.480924062793857e-09
2.691653026 4.397458884851448e-09
2.693004257 4.7576820656406273e-07
2.694355489 1.1013786349534166e-06
2.69570672 3.7418868339502144e-06
2.697057952 2.2479417935582053e-06
2.6984091830000003 1.9409642076832832e-07
2.699760414 4.39592409798596e-09
2.7011116459999998 4.398370607298405e-09
2.702462877 5.1911377362153875e-09
2.703814109 6.227505115917769e-07
2.70516534 1.1741204062394372e-06
2.706516572 1.9562527929830343e-06
2.707867803 4.41288718811964e-09
2.7092190350000003 1.6639410456411165e-06
2.7105702660000004 3.742396426979622e-08
2.7119214969999996 2.934080658196256e-08
2.713272729 1.5430161179192548e-06
2.71462396 1.331088125438311e-06
2.7159751919999997 5.352260084103629e-07
2.717326423 1.7875532861442395e-06
2.718677655 2.5469920918273794e-06
2.720028886 2.0551727935174636e-06
2.7213801170000003 1.195764547992436e-06
2.722731349 1.9217741028710356e-06
2.7240825799999997 1.2941724827647733e-06
2.7254338120000003 2.6805826689060346e-07
2.726785043 1.552817605155739e-07
2.7281362749999998 5.345681812423914e-07
2.729487506 3.7478578333484524e-07
2.730838738 5.748535479059742e-07
2.732189969 1.4462628446304127e-07
2.7335412000000003 1.2523155712261588e-06
2.734892432 4.759273498798466e-07
2.736243663 1.2605914318435957e-06
2.737594895 3.907376033839388e-07
2.7389461259999996 8.517067659700073e-09
2.740297358 2.2961711633995537e-06
2.741648589 5.162647637127092e-09
2.7429998209999997 1.0112323172712451e-06
2.744351052 2.7987710471514913e-06
2.745702283 1.7065744613182795e-06
2.747053515 4.374886475752406e-06
2.7484047460000003 3.4345577768436997e-06
2.749755978 1.9135343329888267e-06
2.7511072089999997 3.3994971749625445e-06
2.7524584410000004 1.3172530907445897e-07
2.753809672 4.162359297593298e-07
2.755160903 4.425159490249534e-09
2.756512135 2.49252250651672e-07
2.757863366 2.592756804252825e-06
2.7592145980000002 2.667001662895166e-06
2.760565829 6.4115362186256895e-09
2.761917061 1.2615476500273176e-06
2.7632682920000002 1.617040840315591e-06
2.764619524 1.8964590791764906e-07
2.7659707549999997 9.238788905277911e-07
2.767321986 1.2901628691742114e-06
2.768673218 1.181996227396114e-06
2.770024449 1.3260046515125362e-06
2.771375681 2.0412068649642887e-08
2.772726912 1.2706156196313163e-06
2.774078144 4.047757936328037e-06
2.7754293750000003 3.0490167817933994e-06
2.776780606 1.635740520296082e-06
2.7781318379999997 5.258349441988811e-08
2.779483069 1.5407006565487727e-06
2.780834301 1.8133311894923727e-07
2.782185532 5.547267672302071e-07
2.783536764 2.347760368538174e-06
2.784887995 6.05414944714466e-08
2.786239227 4.071453665626575e-07
2.787590458 3.2014058959074453e-06
2.788941689 2.1251224593467554e-06
2.7902929210000003 3.1042400460532623e-06
2.791644152 1.8340886574634405e-06
2.7929953839999997 4.587419475378434e-06
2.794346615 4.170663167544658e-06
2.795697847 4.227726796005759e-06
2.797049078 2.772700656848285e-06
2.7984003090000003 3.9186016257852295e-06
2.799751541 5.84196025796323e-07
2.801102772 2.522559464097892e-06
2.8024540040000003 1.3348247080282811e-06
2.803805235 4.782021391213303e-07
2.8051564669999998 4.176123949052801e-06
2.806507698 4.7824687894596066e-06
2.80785893 5.5866091961827956e-06
2.8092101609999998 4.373192582308958e-06
2.810561392 1.6879588828799015e-06
2.811912624 1.3774569822559142e-06
2.813263855 2.766976025550505e-06
2.814615087 5.553382581742119e-07
2.8159663179999996 2.5004016475829534e-06
2.8173175500000003 3.414270388203568e-08
2.818668781 1.2411326066777514e-08
2.8200200129999997 3.3382119356712015e-06
2.821371244 4.541289138525727e-06
2.822722475 6.62396689939868e-06
2.824073707 8.029716605843493e-06
2.8254249380000003 1.231335164148404e-05
2.82677617 7.83623582366073e-06
2.828127401 3.3863367296640563e-06
2.8294786330000004 3.8458984049214774e-06
2.830829864 1.727343945893221e-07
2.8321810949999997 4.432922371432999e-09
2.833532327 4.4304608895077726e-09
2.834883558 1.1879952426403438e-06
2.83623479 2.941318590221993e-06
2.837586021 2.5733586073956606e-06
2.838937253 5.602504617788687e-07
2.8402884840000002 1.9019433753365138e-06
2.841639716 2.8875288758656246e-06
2.8429909469999997 1.2711690883154392e-06
2.8443421779999998 1.523607925390664e-06
2.84569341 5.094506948164416e-06
2.847044641 2.7531136186064498e-06
2.848395873 1.8793939248446733e-06
2.849747104 6.4915624238900635e-06
2.851098336 4.591446128313974e-06
2.8524495670000003 4.276185376113915e-06
2.8538007980000004 8.779238682123767e-06
2.85515203 8.644992342629646e-06
2.856503261 5.137575646718079e-06
2.8578544929999996 5.263770760655027e-06
2.8592057239999997 1.4614969195780922e-06
2.860556956 4.359092247689121e-09
2.861908187 4.111243396372478e-08
2.863259419 1.6718812612729516e-06
2.86461065 2.3621599838486368e-07
2.865961881 4.350332645209976e-09
2.8673131130000002 6.454869024479339e-07
2.868664344 1.0249614406254784e-06
2.8700155759999997 2.75142471367273e-06
2.871366807 3.629068676867606e-06
2.872718039 3.282753405095374e-06
2.87406927 9.57306312519874e-07
2.8754205010000002 8.603797180124265e-07
2.876771733 2.0531363752355825e-06
2.878122964 2.2961408564656427e-06
2.8794741960000003 5.333115705368314e-06
2.8808254270000004 3.5332237664377546e-06
2.882176659 1.659891879288494e-06
2.88352789 1.0780546182093146e-06
2.8848791219999996 8.452027938495285e-07
2.8862303529999997 2.3613623127257455e-06
2.887581584 1.8434784440386405e-06
2.888932816 2.8768565558695653e-06
2.890284047 2.417458510464977e-08
2.891635279 1.5213515752351106e-07
2.89298651 6.471005253379933e-07
2.8943377420000003 1.3842208635628375e-06
2.895688973 5.175766401556998e-06
2.8970402049999997 2.7351562851630545e-06
2.898391436 2.053973457603925e-06
2.899742667 2.833058606658531e-06
2.901093899 1.215837967593729e-06
2.9024451300000003 1.2327291197672506e-06
2.903796362 5.282364956517575e-07
2.905147593 6.6046903591489526e-09
2.9064988250000003 5.551879813477148e-08
2.907850056 6.401253493680985e-06
2.9092012869999997 2.747048102744999e-06
2.910552519 1.0787934629243174e-06
2.91190375 1.879829106715949e-06
2.9132549819999998 1.278268624575652e-08
2.914606213 4.275315279629047e-09
2.915957445 1.3775364031445559e-06
2.917308676 2.555653291726269e-06
2.918659908 2.1949574614004347e-06
2.920011139 3.510635843296448e-06
2.9213623699999998 9.346904932189286e-07
2.922713602 4.580027335638332e-06
2.924064833 6.635062826635703e-06
2.925416065 4.797040590395223e-06
2.926767296 5.569343305030953e-07
2.928118528 5.273001220570127e-07
2.9294697590000003 6.60663564098072e-07
2.93082099 1.7772722146059438e-06
2.932172222 1.4799454532114957e-06
2.933523453 3.6363078926405666e-06
2.934874685 3.990641856672074e-06
2.9362259159999997 3.364063590091632e-06
2.937577148 4.320536251923568e-06
2.938928379 4.929931108788727e-06
2.940279611 4.239189755961599e-06
2.941630842 5.497538804880951e-06
2.942982073 2.3723724634840604e-06
2.9443333050000002 1.7807456632043432e-06
2.9456845360000004 2.8450989060859964e-06
2.947035768 6.677185469556443e-07
2.948386999 2.535193804466655e-06
2.949738231 2.2416239628236296e-06
2.951089462 3.635891774364213e-08
2.952440694 4.996063348042795e-06
2.953791925 6.71028488024542e-06
2.955143156 6.937513641463141e-06
2.956494388 3.7678060321479733e-06
2.957845619 3.3105464564591235e-06
2.959196851 4.42550470806369e-09
2.960548082 4.0755551099095055e-09
2.9618993139999996 4.0700816727537226e-09
2.9632505449999997 4.064818965856646e-09
2.964601776 1.867083301557407e-08
2.965953008 2.514416306786515e-06
2.967304239 1.9695319306719347e-06
2.968655471 5.07542605672415e-06
2.970006702 5.386259577152558e-06
2.9713579340000003 4.3739202472759015e-06
2.9727091650000004 2.07746243289389e-06
2.974060397 4.117536816335515e-06
2.975411628 5.313837920414722e-06
2.976762859 8.475298887536715e-07
2.978114091 2.965024005040559e-06
2.979465322 2.2912892446083555e-06
2.980816554 3.8486156001719135e-06
2.982167785 5.4283289266033385e-06
2.983519017 2.319053502783075e-06
2.984870248 7.087105667123091e-07
2.9862214789999997 3.331340659936558e-07
2.987572711 3.463243151902267e-06
2.988923942 6.815032536040998e-06
2.9902751739999998 6.645320558443626e-06
2.991626405 4.988246747213173e-06
2.992977637 6.035932629985228e-06
2.994328868 5.549517324735987e-06
2.9956801 3.4981435418332656e-06
2.997031331 3.456850656796708e-06
2.9983825619999998 2.6781138727237335e-06
2.9997337940000004 3.693982371323801e-06
3.001085025 3.1933452285385717e-06
3.002436257 4.677185602179537e-06
3.003787488 3.0044334058553855e-06
3.0051387199999997 4.3244167566785385e-06
3.006489951 6.3048292836185185e-06
3.007841182 5.911959758879184e-06
3.009192414 4.3765977069091295e-06
3.0105436450000003 4.952165205150032e-06
3.011894877 5.3983997669831825e-06
3.0132461079999997 7.658094985642812e-06
3.01459734 9.817496989339339e-06
3.015948571 9.4562386446197e-06
3.017299803 1.0375803263480032e-05
3.018651034 8.78781903977653e-06
3.020002265 5.071464254163586e-06
3.021353497 5.71599409931794e-06
3.0227047280000003 2.8817102916094644e-06
3.02405596 2.2094672876304447e-06
3.0254071909999998 5.170424314101641e-06
3.0267584230000004 2.297021063068796e-06
3.0281096539999997 1.6255486855873234e-06
3.029460886 2.3660176507137982e-06
3.030812117 2.9110977403034074e-06
3.032163348 2.1234976012921202e-06
3.03351458 3.2497337413130103e-06
3.034865811 1.3322951677720808e-06
3.036217043 2.25189113487546e-06
3.0375682740000003 4.052306331387748e-06
3.038919506 7.182833517683209e-06
3.0402707369999997 1.039442787347473e-05
3.041621968 8.050244987407076e-06
3.0429732 5.48543078381701e-06
3.044324431 5.767865996235153e-06
3.045675663 4.0910246828365796e-06
3.047026894 4.825310900650079e-06
3.0483781260000002 2.341079411787034e-06
3.0497293570000004 5.014156065584978e-06
3.051080589 5.307492393013484e-06
3.05243182 6.368751605983754e-06
3.053783051 1.0008343355696476e-05
3.0551342829999997 9.900757193144116e-06
3.056485514 5.4995595095109635e-06
3.057836746 7.1583657170006564e-06
3.059187977 6.544848019732835e-06
3.060539209 6.384078068645921e-06
3.06189044 6.58028486799801e-06
3.063241671 9.357471260368296e-06
3.0645929030000003 7.857022591227032e-06
3.065944134 9.643698267155804e-06
3.0672953659999997 1.1071036388751565e-05
3.068646597 8.094303031372765e-06
3.069997829 3.536023664216148e-06
3.07134906 5.172265034852657e-06
3.072700292 7.776505723285828e-06
3.074051523 7.792509272277753e-06
3.075402754 7.051388518108054e-06
3.0767539860000004 6.680477865343475e-06
3.0781052169999996 4.594784826475643e-06
3.079456449 2.3018230523489787e-06
3.08080768 7.467444469932521e-06
3.0821589119999997 7.53783951008102e-06
3.083510143 5.2810908857972384e-06
3.084861374 6.181140935964133e-06
3.086212606 7.029606792015883e-06
3.0875638370000003 5.921567532415003e-06
3.088915069 5.104421284500238e-06
3.0902662999999997 5.996355915967328e-06
3.0916175320000003 4.319637856616776e-06
3.092968763 2.3492255033991966e-06
3.0943199949999998 6.274161114370657e-06
3.095671226 5.7470327700175e-06
3.097022457 3.894815300659954e-06
3.098373689 4.643257279576025e-06
3.0997249200000003 3.6750842522640102e-06
3.101076152 6.682432647477869e-06
3.102427383 1.2874620261864327e-05
3.103778615 9.156854167841606e-06
3.1051298459999996 8.259422983995975e-06
3.106481078 8.410185699445022e-06
3.107832309 7.363834377748508e-06
3.10918354 9.005902863884575e-06
3.110534772 2.5029375046817166e-06
3.111886003 1.2631370784043818e-06
3.113237235 3.844629853418325e-06
3.1145884660000003 4.588921655863336e-06
3.115939698 7.047662289392577e-06
3.1172909289999997 1.1127796788340977e-05
3.11864216 9.449770038845495e-06
3.119993392 7.7301544734789e-06
3.121344623 3.053297444112515e-06
3.122695855 3.074418775677706e-06
3.124047086 2.5658587282089423e-06
3.1253983180000002 1.2734889136148382e-06
3.126749549 1.267120127828606e-06
3.128100781 8.417254787269596e-06
3.1294520120000002 9.902295836332937e-06
3.130803243 6.446645945831592e-06
3.1321544749999997 8.406541207367752e-06
3.133505706 3.924450357560632e-06
3.134856938 1.76313802477914e-06
3.136208169 3.945131792244238e-06
3.137559401 8.4385953155193e-06
3.138910632 9.414134332617106e-06
3.140261863 6.632985905832582e-06
3.1416130950000003 2.7239801872919205e-06
3.142964326 1.2448981879819935e-06
3.1443155579999997 1.1302252338645542e-06
3.145666789 3.278826191217036e-06
3.147018021 3.568172549704952e-06
3.148369252 1.29941776170957e-06
3.149720484 4.246984197849098e-06
3.151071715 7.382677105129855e-06
3.152422946 6.928591633181173e-06
3.153774178 4.6789954048178995e-06
3.155125409 3.6539030168477337e-06
3.1564766410000002 5.068718290795125e-06
3.157827872 7.429334936065987e-06
3.1591791039999997 5.73965827114681e-06
3.160530335 4.559198162967737e-06
3.161881566 2.3746431570843732e-06
3.163232798 5.746669053067009e-06
3.1645840290000002 5.397997430993096e-06
3.165935261 3.691040514984469e-06
3.167286492 3.107108147217205e-06
3.1686377240000003 2.60778772682813e-06
3.169988955 4.605668746721434e-06
3.1713401869999998 5.295322594927826e-07
3.172691418 1.1363824155997375e-07
3.174042649 4.2261675209910776e-09
3.1753938809999998 6.442886204887203e-08
3.176745112 2.3387996363451654e-06
3.178096344 1.5165429104951183e-06
3.179447575 3.5033346950801036e-06
3.180798807 5.752309868339571e-06
3.182150038 8.440906344828087e-08
3.1835012700000003 5.83359549377977e-07
3.184852501 2.924811338744556e-06
3.186203732 3.326332090217941e-06
3.187554964 3.7807954291319657e-06
3.188906195 2.1848585074148623e-06
3.190257427 5.952575123119002e-06
3.1916086580000003 7.148536807004829e-06
3.19295989 5.200383797717675e-06
3.194311121 3.6126221255696873e-06
3.195662352 3.652239005939641e-06
3.197013584 1.5437897231215111e-06
3.1983648149999997 1.78342088695528e-06
3.199716047 4.076887814718318e-06
3.201067278 3.7468271385489043e-06
3.2024185099999998 2.80183477212962e-06
3.203769741 3.413850197972096e-06
3.205120973 2.7950858733089e-06
3.206472204 7.922658867492331e-07
3.207823435 1.1006259212340262e-07
3.209174667 1.6636981453279326e-06
3.2105258979999998 1.4657757085621666e-06
3.21187713 1.0753812950108593e-06
3.213228361 2.300919328750915e-06
3.214579593 4.030615965654959e-06
3.215930824 2.609208237127973e-06
3.217282055 3.627610650033336e-06
3.2186332870000003 5.770654577910793e-06
3.2199845180000004 8.715837793152272e-06
3.22133575 9.201156134923079e-06
3.222686981 7.61486500898481e-06
3.2240382129999996 4.956848584279137e-06
3.2253894439999997 1.2753203981466082e-06
3.226740676 6.762410538056692e-08
3.228091907 2.7756446963841507e-06
3.229443138 4.57506992196189e-06
3.23079437 3.967386331502583e-06
3.232145601 2.439975342383708e-06
3.2334968330000002 2.5857969314485356e-06
3.234848064 3.549660120007557e-06
3.2361992959999997 2.4476605935810133e-06
3.237550527 1.4771270568456803e-06
3.238901759 2.3423672989007844e-06
3.24025299 5.039688471695316e-06
3.2416042210000002 6.131018575640723e-06
3.242955453 7.014053524617909e-06
3.244306684 1.3316491715308544e-05
3.2456579160000003 1.5643929600805386e-05
3.2470091470000004 1.7040436074364667e-05
3.248360379 1.421385527072355e-05
3.24971161 1.1430553065726358e-05
3.251062841 1.0103038117898311e-05
3.2524140729999997 8.717829460837718e-06
3.253765304 6.668291314983622e-06
3.255116536 4.0221708880802204e-06
3.256467767 2.9023730158291847e-06
3.257818999 7.031967763129081e-06
3.25917023 8.784373679084975e-06
3.2605214620000003 6.692611569222297e-06
3.261872693 7.88335212016384e-06
3.263223924 9.998366491647209e-06
3.264575156 6.407258644421403e-06
3.265926387 3.315117226037125e-06
3.267277619 5.006565844491746e-06
3.2686288500000003 5.223999559106205e-06
3.269980082 4.118097806828139e-06
3.271331313 1.564544481651766e-07
3.272682544 3.2828669783261575e-06
3.274033776 3.414123290439504e-06
3.2753850069999997 1.9027038678779746e-06
3.276736239 2.855468850986996e-06
3.27808747 3.583486815297346e-06
3.2794387019999998 5.425648138464751e-06
3.280789933 9.31906231004942e-06
3.282141165 1.1147625047853097e-05
3.283492396 4.274636977231178e-06
3.2848436270000003 3.0735637077623375e-06
3.286194859 2.6940658579972994e-06
3.2875460899999998 4.416804960642404e-06
3.288897322 2.4484853759437797e-06
3.290248553 2.1895203260878176e-06
3.291599785 5.870209608092704e-06
3.292951016 5.4525686161658675e-06
3.294302247 3.793279982140056e-06
3.2956534790000003 4.739967031804787e-06
3.29700471 5.05580831631417e-06
3.298355942 4.495496306336607e-06
3.299707173 4.052155794018311e-06
3.301058405 2.1316814964123357e-06
3.3024096359999997 9.908949661576825e-07
3.303760868 1.5962065610681383e-06
3.305112099 3.0397901533125605e-06
3.30646333 6.139114304192604e-06
3.307814562 4.189347883703646e-06
3.309165793 1.7555701648912207e-06
3.3105170250000002 4.897975990324377e-07
3.3118682560000003 3.380595382303305e-06
3.313219488 3.344682504099791e-06
3.3145707189999998 4.550444112039009e-07
3.315921951 4.5976246039466395e-07
3.317273182 9.792785038877381e-07
3.318624413 3.82505441108498e-06
3.319975645 3.03158432088223e-06
3.321326876 1.2761250182138778e-06
3.322678108 1.2136180532673495e-06
3.324029339 2.3745158575713854e-08
3.325380571 2.645472166340424e-07
3.326731802 2.065014278594481e-06
3.328083033 2.211447349813434e-06
3.3294342649999997 1.4700128561492544e-06
3.330785496 4.2705527827715965e-06
3.332136728 3.4165818967648513e-06
3.333487959 4.5592365942271995e-06
3.334839191 5.801654153209655e-06
3.336190422 6.221871566840758e-06
3.3375416540000002 2.035123541398523e-06
3.3388928850000004 3.743828188786885e-06
3.340244116 5.272781694447493e-06
3.341595348 4.913192612407556e-06
3.342946579 3.825558302414261e-06
3.344297811 3.3089348067439626e-06
3.345649042 3.3453739835636987e-06
3.347000274 2.619083705312269e-06
3.348351505 6.205779415901599e-06
3.3497027360000002 3.5810888084497944e-06
3.351053968 3.707795162653325e-07
3.3524051989999997 1.1529516314050384e-06
3.353756431 2.9905717830326853e-06
3.355107662 3.716299503663073e-06
3.3564588939999997 3.6867719796696495e-06
3.357810125 4.5056239998711175e-06
3.359161357 3.4213066630841153e-06
3.360512588 2.302837299393077e-06
3.3618638190000003 9.826879840729208e-07
3.363215051 1.8645157961640303e-06
3.3645662819999997 3.905222138456547e-06
3.3659175140000004 3.1722426129328207e-06
3.367268745 2.6228500069910387e-06
3.368619977 4.905621044611527e-06
3.369971208 5.417271298272545e-06
3.371322439 1.2940184203891089e-06
3.372673671 1.2500821427144822e-06
3.374024902 6.850400073857418e-06
3.375376134 9.71097267748328e-06
3.3767273650000003 6.706771124002875e-06
3.378078597 2.44364222657781e-06
3.3794298279999997 1.4146518150799364e-06
3.38078106 7.183139831443442e-07
3.382132291 2.074204820383075e-06
3.383483522 4.1204993404810735e-06
3.384834754 3.134232339611531e-06
3.386185985 3.490206595005969e-06
3.387537217 5.000248108836998e-06
3.3888884480000003 3.2957386776694183e-06
3.39023968 2.4573432306146707e-06
3.3915909109999998 5.2353677824407546e-06
3.3929421430000004 4.952168512852473e-06
3.3942933739999996 1.4471550965017802e-07
3.3956446049999998 4.943461536662167e-09
3.396995837 4.940319203700111e-09
3.398347068 2.612581877444998e-07
3.3996983 1.4737855397906878e-06
3.401049531 3.227465135136535e-07
3.402400763 4.222539006527113e-08
3.4037519940000003 1.7965435609825516e-06
3.405103225 4.010408133042177e-07
3.4064544569999997 5.564816595257091e-09
3.407805688 1.6927058617196988e-06
3.40915692 1.3750072117508338e-07
3.410508151 3.944530616951812e-06
3.411859383 4.776566136446356e-06
3.413210614 7.559279293802282e-06
3.4145618460000002 3.92871362355737e-06
3.4159130770000004 3.4904115161362253e-06
3.4172643079999996 5.7843452172126525e-06
3.41861554 7.755750814456473e-06
3.419966771 4.585771607874581e-06
3.4213180029999997 4.076705658694673e-06
3.422669234 1.0377410127913353e-05
3.424020466 1.0852785191400721e-05
3.425371697 7.85074660185916e-06
3.4267229280000002 6.061352559770782e-06
3.42807416 4.317518599050503e-06
3.429425391 2.4653259789577308e-06
3.4307766230000003 2.585789088408093e-08
3.432127854 4.913665953347152e-09
3.4334790859999997 4.913818887052638e-09
3.434830317 4.913987612776996e-09
3.436181549 2.1529289805041553e-08
3.43753278 2.088574077654647e-06
3.4388840110000003 5.5801790491570646e-06
3.440235243 3.71716320720208e-06
3.441586474 1.765491307709163e-06
3.4429377060000004 4.6143414251700034e-07
3.4442889369999996 1.7219556466219447e-08
3.445640169 1.353584504110433e-07
3.4469914 2.1181390737156732e-06
3.448342631 2.6776267849148364e-06
3.449693863 2.474913810433521e-06
3.451045094 3.1198696353942007e-06
3.452396326 4.667838043819983e-06
3.4537475570000002 4.4553876740409e-06
3.455098789 1.0045315521321225e-05
3.45645002 1.1989750798631054e-05
3.4578012520000003 1.1185001246566818e-05
3.459152483 9.77057162026654e-06
3.460503714 6.730444130303914e-06
3.461854946 5.351602965625732e-06
3.463206177 4.264602630802275e-06
3.464557409 5.194377520506492e-06
3.4659086400000003 4.871298778749123e-06
3.467259872 9.372315244022254e-07
3.468611103 1.4501106030675438e-06
3.469962335 4.082462017264115e-06
3.4713135659999996 1.951967409771573e-06
3.4726647969999997 1.6460295565958633e-07
3.474016029 1.8652162434608766e-08
3.47536726 3.998007720881815e-06
3.476718492 4.601315857550727e-06
3.478069723 2.5618744871324707e-06
3.479420955 1.2837745769674088e-06
3.4807721860000003 8.94347856421185e-07
3.482123417 1.4063415660607225e-06
3.483474649 7.920928235536282e-08
3.48482588 3.9504858996129997e-07
3.486177112 1.2933802830817284e-06
3.487528343 3.8133665840103844e-07
3.488879575 2.5394172793249687e-06
3.490230806 1.2095648444200104e-06
3.491582038 8.016079234284981e-07
3.492933269 1.0048617152219097e-07
3.4942845 1.772249930674443e-06
3.495635732 1.2292656363466462e-06
3.496986963 7.773670912557608e-09
3.4983381949999997 5.073704622959606e-09
3.4996894259999998 5.080628610959488e-09
3.501040658 5.086913571546581e-09
3.502391889 5.092985705379288e-09
3.50374312 5.099032660112686e-09
3.505094352 4.002836471345272e-07
3.506445583 3.4466509910185875e-06
3.5077968150000003 2.3092777353604217e-06
3.509148046 1.299026999271951e-06
3.5104992779999997 3.161582573646225e-06
3.511850509 5.866202821292534e-06
3.513201741 4.894124824616902e-06
3.514552972 1.4942716231299896e-06
3.515904203 1.1091771878325028e-06
3.517255435 3.1765731284226823e-06
3.518606666 4.982861812030977e-06
3.519957898 4.629452620357621e-06
3.521309129 6.371812722489352e-06
3.5226603610000002 6.710934258014534e-06
3.524011592 2.86870206751192e-06
3.5253628239999997 2.295648952574944e-06
3.526714055 1.5044180399682061e-06
3.528065286 4.801773443562323e-06
3.529416518 7.6209321600885555e-06
3.5307677490000002 7.92635482245969e-06
3.532118981 4.9218873538362185e-06
3.533470212 2.5138396861893162e-06
3.5348214440000003 4.8377158586390194e-06
3.536172675 4.91993365505212e-06
3.537523906 2.621811841549687e-06
3.538875138 2.214227460921443e-06
3.540226369 4.144785310409838e-07
3.5415776009999997 1.0493978613530888e-07
3.542928832 1.4728130738362177e-08
3.544280064 9.253335377269657e-07
3.545631295 1.0725218951626356e-06
3.546982527 4.205823361670635e-06
3.548333758 2.414420206636545e-06
3.5496849889999997 5.046854066031604e-07
3.551036221 8.934603306488015e-07
3.552387452 1.6585104010510443e-06
3.553738684 1.3302776734304791e-07
3.555089915 8.681998991846229e-09
3.556441147 3.674249464259612e-08
3.5577923780000003 2.2839207325540147e-06
3.5591436090000004 2.929097999631191e-08
3.560494841 5.319413021183663e-09
3.561846072 5.322433124974288e-09
3.563197304 2.2875934874149336e-06
3.5645485349999997 7.739766554954512e-06
3.565899767 7.3877128822967075e-06
3.567250998 5.4101565413180135e-06
3.5686022299999998 6.0898317286967e-06
3.569953461 7.858357351266122e-06
3.571304692 7.827044824523835e-06
3.572655924 4.38450693437884e-06
3.574007155 6.2303509109286155e-06
3.575358387 1.0528758266971243e-05
3.5767096179999998 1.070459463689094e-05
3.57806085 6.614771133346691e-06
3.579412081 1.8272590284891714e-06
3.580763312 5.831348560998901e-07
3.582114544 1.9427407665125916e-06
3.583465775 5.321481140863937e-06
3.5848170070000003 4.8588215289823e-06
3.5861682380000004 3.3628585932109523e-06
3.58751947 1.752465013422972e-06
3.588870701 8.131716552342417e-07
3.5902219329999996 1.5962825564093777e-06
3.5915731639999997 1.1897525235050521e-06
3.592924395 1.7272187370324884e-06
3.594275627 4.472949783963169e-06
3.595626858 4.468518613369086e-06
3.59697809 2.8926297663381294e-06
3.598329321 2.230233159913083e-06
3.5996805530000002 2.0895602081931675e-06
3.601031784 3.12421877743261e-06
3.602383016 3.680228858859448e-06
3.603734247 2.730756629578477e-06
3.605085478 1.7413611848576767e-06
3.60643671 3.213713715619422e-06
3.607787941 7.619876806670615e-06
3.609139173 9.071463238667437e-06
3.610490404 9.056600337407955e-06
3.6118416360000003 9.492935307604214e-06
3.6131928670000004 1.0413414389614164e-05
3.6145440979999997 1.3419037725106315e-05
3.61589533 1.6194527597942e-05
3.617246561 1.740295736906665e-05
3.6185977929999997 1.8099571952466373e-05
3.619949024 1.757361154133867e-05
3.621300256 1.634658940778843e-05
3.622651487 1.4786777684784285e-05
3.624002719 1.035760686285795e-05
3.62535395 9.885698574234252e-06
3.6267051809999997 1.755721618583665e-05
3.628056413 2.5947567925824692e-05
3.629407644 2.8512291537822882e-05
3.630758876 3.009303513872013e-05
3.632110107 3.384483843390034e-05
3.633461339 3.727853571356888e-05
3.6348125700000002 3.894303470901227e-05
3.6361638010000004 3.6820732005567655e-05
3.637515033 2.8473777982959233e-05
3.638866264 2.0360371198467314e-05
3.640217496 1.914180065479229e-05
3.6415687269999997 2.229110834225587e-05
3.642919959 2.59064165527794e-05
3.64427119 2.9331348893493602e-05
3.6456224219999998 3.139657917197317e-05
3.646973653 3.530769620173906e-05
3.648324884 4.2052103236794754e-05
3.649676116 4.4092850027871364e-05
3.6510273470000003 3.970104519909142e-05
3.652378579 3.3949438793862054e-05
3.6537298099999997 2.7175467170434366e-05
3.655081042 2.1701474443912354e-05
3.656432273 2.0622485405625583e-05
3.657783504 1.821051989720099e-05
3.659134736 5.814703353263429e-06
3.660485967 3.6650513626965256e-06
3.6618371990000003 3.2920166716716654e-06
3.66318843 3.309730875565267e-06
3.664539662 2.6539459316041555e-06
3.665890893 1.3305554190898606e-06
3.667242125 2.1771328998156597e-07
3.6685933559999997 2.0388973537802064e-07
3.669944587 4.769847011214798e-06
3.671295819 6.1207434061018615e-06
3.67264705 8.216924877000172e-06
3.673998282 1.2251313122263674e-05
3.675349513 1.3613881420611491e-05
3.676700745 1.5746409738740717e-05
3.6780519760000003 1.4348522958902288e-05
3.679403208 8.880736195134434e-06
3.6807544389999998 3.2977043123236676e-06
3.68210567 6.860598505266991e-09
3.683456902 5.530281030045123e-09
3.684808133 5.532713917533773e-09
3.686159365 5.535141219565801e-09
3.687510596 5.537563651106533e-09
3.688861828 8.614260814661823e-09
3.690213059 5.35576410367545e-06
3.6915642899999996 1.122288196675035e-05
3.692915522 1.8684600497409504e-05
3.694266753 2.1601621443797184e-05
3.6956179849999997 1.2443367478583334e-05
3.696969216 8.107686332187118e-06
3.698320448 2.3201657564836064e-06
3.699671679 3.333962959436971e-07
3.701022911 5.93654014926634e-07
3.702374142 9.611579812141472e-08
3.703725373 5.557822066267476e-09
3.7050766050000004 5.5587815669379915e-09
3.706427836 3.949010822414711e-08
3.707779068 1.850709144566207e-06
3.709130299 3.713543197763158e-06
3.710481531 3.912113267916967e-06
3.711832762 8.413331708527039e-06
3.713183993 1.1105677622449017e-05
3.714535225 1.406350028718052e-05
3.7158864560000002 2.2074153407922693e-05
3.717237688 2.8775944790174198e-05
3.7185889189999997 2.957153666322958e-05
3.719940151 2.757746153418775e-05
3.721291382 2.809812017531008e-05
3.7226426139999997 3.239207031754267e-05
3.723993845 3.5830713952318246e-05
3.725345076 3.404285715336941e-05
3.726696308 2.8772405077816005e-05
3.7280475390000003 2.4381343935960098e-05
3.729398771 2.344988183913039e-05
3.730750002 2.3228857462973856e-05
3.7321012340000004 2.091161338451345e-05
3.733452465 1.9611222630673932e-05
3.7348036959999997 2.029852179369022e-05
3.736154928 2.0773182679258916e-05
3.737506159 2.2276234234050553e-05
3.738857391 2.4250122547182088e-05
3.740208622 2.257370226660682e-05
3.741559854 1.72122100453708e-05
3.7429110850000002 1.2148020695438178e-05
3.744262317 7.279156736775058e-06
3.7456135479999997 3.101992085961284e-06
3.746964779 2.256521530857419e-06
3.748316011 4.981803142635642e-06
3.749667242 9.402825766763315e-06
3.751018474 1.0741459877196915e-05
3.752369705 7.228234880134797e-06
3.753720937 5.225510121721831e-06
3.7550721680000003 5.30258973680563e-06
3.7564234 6.0516002366721395e-06
3.757774631 4.844948362125606e-06
3.759125862 5.304058551670415e-06
3.7604770939999996 6.751697447278503e-06
3.7618283249999998 5.343676450633706e-06
3.763179557 2.3120473282452963e-06
3.764530788 1.8786894411699165e-06
3.76588202 3.0765634801481655e-06
3.767233251 2.9129358451848637e-06
3.768584482 2.087775524718937e-06
3.7699357140000003 6.294224632867569e-08
3.771286945 5.641794613924392e-09
3.7726381769999997 6.998402666948129e-08
3.773989408 2.7735839893020573e-06
3.77534064 2.734136883682847e-06
3.776691871 5.622416885398e-07
3.778043103 5.1757603564062866e-08
3.779394334 8.323816958585668e-07
3.780745565 1.8825984731848724e-06
3.7820967970000003 6.794496369341905e-07
3.7834480279999996 5.610887801253713e-07
3.7847992599999998 4.2221749587183185e-07
3.786150491 6.357337387386335e-07
3.7875017229999997 3.4108079530508963e-07
3.7888529539999998 5.885360544498334e-08
3.790204185 5.666738034978169e-09
3.791555417 5.666750321721475e-09
3.792906648 1.5229149979211553e-08
3.79425788 2.965422914006983e-06
3.795609111 5.152934274039258e-06
3.7969603430000003 4.068092174427718e-06
3.798311574 4.068648089083874e-06
3.7996628059999997 4.9335470467324e-06
3.801014037 5.339609752357828e-06
3.802365268 4.040155026894697e-06
3.8037165 7.616226826069591e-07
3.8050677310000003 6.660652621451884e-09
3.806418963 5.672683323101347e-09
3.807770194 5.673961830506484e-09
3.8091214260000004 4.020591966274755e-07
3.8104726569999996 1.7411010308108823e-07
3.811823889 3.3441260588477114e-07
3.81317512 2.2151418572695406e-06
3.814526351 2.5529017484221453e-06
3.815877583 8.060466415708229e-07
3.817228814 2.2140336264201888e-08
3.818580046 6.363914055049773e-08
3.8199312770000002 1.830610362680776e-06
3.821282509 5.865638084670247e-06
3.82263374 6.871313339615794e-06
3.823984971 5.3463634878681854e-06
3.825336203 6.1619200625436295e-06
3.826687434 6.6395747947463425e-06
3.828038666 3.1322026533643445e-06
3.829389897 2.229611181727398e-06
3.830741129 4.2158091135965525e-06
3.8320923600000003 6.027606848293128e-06
3.833443592 6.168903499011472e-06
3.834794823 5.375701647705357e-06
3.836146054 4.1912241132936235e-06
3.8374972859999996 4.462376909066222e-06
3.8388485169999997 4.518203348622689e-06
3.840199749 2.9378051287132213e-06
3.84155098 3.6020977034463326e-06
3.842902212 1.802200367256601e-06
3.844253443 8.185138324856861e-07
3.845604674 9.699362241038608e-07
3.8469559060000003 1.432786847184328e-06
3.848307137 2.202372177490464e-06
3.849658369 2.198980657415631e-06
3.8510096 1.747679890185366e-06
3.852360832 1.3485916385829537e-06
3.853712063 2.305957627584222e-06
3.855063295 8.136018076498506e-07
3.856414526 3.937610211381777e-06
3.857765757 4.3597436467834505e-06
3.859116989 3.378649458387464e-06
3.86046822 1.5353403885782013e-06
3.861819452 6.047440143690441e-09
3.863170683 1.9367168510970542e-07
3.8645219149999996 7.773584434281353e-09
3.8658731459999998 7.541668491078859e-07
3.867224377 6.226556794788849e-06
3.868575609 6.5182092890722365e-06
3.86992684 5.501374112107542e-06
3.871278072 5.661429251369031e-06
3.872629303 4.906904564925568e-06
3.8739805350000003 3.688049700320703e-06
3.875331766 1.848111514789199e-06
3.876682998 2.6141798580191824e-07
3.878034229 1.5625056594217266e-07
3.87938546 2.5742163155386234e-06
3.880736692 4.263370155941152e-06
3.882087923 3.1573160624502987e-06
3.883439155 2.119057650455351e-06
3.884790386 2.390752633903061e-06
3.886141618 1.4767760005083282e-06
3.887492849 1.652970082323429e-08
3.8888440810000002 5.6939969922345635e-09
3.890195312 9.332926828036032e-08
3.891546543 2.6686527410731163e-06
3.892897775 2.8028815282057026e-06
3.894249006 5.421221800778987e-07
3.895600238 9.428991423966681e-07
3.8969514690000002 1.5920292449461006e-06
3.898302701 1.5292972248489904e-06
3.899653932 7.97983920520342e-07
3.9010051629999998 3.313724184941723e-06
3.902356395 6.2241284024239575e-06
3.903707626 6.547961026149281e-06
3.905058858 3.903274673492369e-06
3.906410089 5.993224567985409e-06
3.9077613209999997 6.229867526645249e-06
3.909112552 4.740046935131965e-06
3.910463784 4.05226551059395e-06
3.911815015 4.226286744858261e-06
3.913166246 7.871522731963848e-07
3.914517478 5.70860570551359e-09
3.9158687089999997 5.712205265524456e-09
3.917219941 5.712765143323252e-09
3.918571172 6.312197323296638e-07
3.919922404 1.5010884552730293e-06
3.921273635 3.026129570538543e-06
3.922624866 3.2627386457995284e-06
3.9239760980000002 2.7106273662521607e-06
3.9253273290000004 4.242467369402055e-06
3.926678561 6.202466243400027e-06
3.928029792 4.741127614104364e-06
3.929381024 3.2558003082323632e-06
3.9307322549999997 5.89473902705498e-06
3.932083487 6.080483993272402e-06
3.933434718 3.4034185173234654e-06
3.934785949 4.35709810771531e-07
3.936137181 5.877556387741777e-07
3.937488412 1.240042472130327e-06
3.938839644 2.816616500268598e-06
3.940190875 3.6957847145841466e-06
3.941542107 5.902240708003661e-06
3.9428933379999997 1.026367350074782e-05
3.944244569 1.2957546877202946e-05
3.945595801 1.1253951674012014e-05
3.946947032 1.0925515396051884e-05
3.948298264 1.3255313445448102e-05
3.949649495 1.3104899002880721e-05
3.9510007270000003 7.652973043156153e-06
3.9523519580000004 1.4671942569903738e-06
3.95370319 8.132747881293527e-07
3.955054421 1.5441034127206096e-07
3.956405652 3.2269191090356804e-07
3.9577568839999997 5.7452195617047976e-09
3.959108115 5.745817352557325e-09
3.960459347 8.701773566806741e-07
3.961810578 2.4727872175882546e-06
3.96316181 1.089109191894654e-06
3.964513041 5.919514782274954e-07
3.965864273 6.416156557638061e-06
3.967215504 3.960119184784689e-06
3.968566735 7.120002039688214e-07
3.9699179669999998 4.012333478376973e-08
3.971269198 9.246427271344751e-08
3.97262043 3.287641095069103e-07
3.973971661 5.573984076351075e-07
3.975322893 5.491657085719357e-07
3.976674124 9.103104067302949e-07
3.978025355 1.9525135351755476e-06
3.9793765870000004 4.6198685932300596e-06
3.9807278179999996 4.940691453625059e-06
3.98207905 4.557851662292724e-06
3.983430281 2.9072249597356823e-06
3.9847815129999997 2.1170242703338275e-06
3.986132744 2.35378463301663e-06
3.987483976 2.2289422901449582e-07
3.988835207 3.742228329398609e-07
3.9901864380000003 3.60783089660234e-08
3.99153767 5.774557683325525e-09
3.9928889009999997 8.021479996569782e-09
3.994240133 1.6745917383285257e-06
3.995591364 3.5739775831859577e-06
3.996942596 4.688667763733601e-06
3.998293827 5.2315361180799546e-06
3.999645058 6.596594952090722e-06
4.00099629 9.32018284644013e-06
4.002347521 6.686151538666932e-06
4.003698753 4.4118723676998875e-06
4.005049984 3.010050940585421e-06
4.006401216 2.7234047047969176e-06
4.007752447 2.7281456650428892e-06
4.009103679 3.127412601356114e-06
4.01045491 6.332330313810421e-06
4.011806141 9.909157337586073e-06
4.013157373 1.0549560009215719e-05
4.014508604 6.586507037721213e-06
4.015859836 3.340821207509859e-06
4.017211067 2.3706005044342098e-06
4.018562299 1.728485692337313e-07
4.01991353 1.2120524340549329e-08
4.021264761 5.997859343485786e-08
4.022615993 4.743961956005944e-06
4.023967224 7.639029800754716e-06
4.025318456 4.081253350449854e-06
4.026669687 2.072035380412492e-06
4.028020919 2.6763791302341498e-06
4.02937215 4.442102388890763e-06
4.030723382 6.905701416469072e-06
4.032074613 9.70189080711372e-06
4.033425844 8.650992305953222e-06
4.034777076 6.291899257664151e-06
4.036128307 6.955241311812222e-06
4.037479539 7.1291959539924095e-06
4.03883077 5.224968534963228e-06
4.040182002 9.511523549379979e-06
4.041533233 1.1810447759613125e-05
4.042884465 1.2495171415050448e-05
4.044235696 1.2670481635200473e-05
4.0455869269999996 1.293605282465746e-05
4.046938159 1.0460238719582792e-05
4.04828939 8.99239631360185e-06
4.049640622 1.2234274836987883e-05
4.050991853 1.4293661622383557e-05
4.052343085 1.4899607636662684e-05
4.053694316 1.5111968755098522e-05
4.055045547 1.2452865877627559e-05
4.056396779 9.335296985730572e-06
4.05774801 1.1020652243538364e-05
4.059099241999999 1.2447122614355975e-05
4.0604504729999995 1.1143982500214756e-05
4.061801705 9.052001581423176e-06
4.063152936 1.0976103251459077e-05
4.064504168 1.2645735003736078e-05
4.065855399 1.2669757122233388e-05
4.06720663 1.299801782432818e-05
4.0685578620000005 1.1297335048926529e-05
4.069909093000001 8.261399519428744e-06
4.071260325 6.233190636355618e-06
4.072611556 7.9775049256223e-06
4.073962788 1.0623588089197877e-05
4.075314019 1.0468143678172647e-05
4.07666525 7.2384884107348565e-06
4.078016482 7.51472409102608e-06
4.079367713 6.505600296076615e-06
4.080718945 1.0332477299356868e-05
4.082070176 1.536309106943915e-05
4.083421408 1.7761005240964396e-05
4.084772639 1.9267044572668765e-05
4.086123871 1.9705266525589273e-05
4.087475102 1.7988420399948758e-05
4.088826333 1.514365928772016e-05
4.090177565 1.5969534435333007e-05
4.091528796 1.8152425369416663e-05
4.092880028 1.8809243024480123e-05
4.094231259 1.718368226453586e-05
4.095582491 1.4692817677199107e-05
4.096933722 1.0930379388789789e-05
4.098284953 7.507073988512823e-06
4.0996361850000005 7.197908346136924e-06
4.100987416 4.9254226654190524e-06
4.102338648 4.0259925369966665e-06
4.103689878999999 1.7676781579455443e-06
4.105041110999999 2.797509599469831e-07
4.106392342 7.353541563306224e-09
4.107743574 2.523395904203504e-07
4.109094805 2.8536393986581082e-06
4.110446036 9.142859481935133e-06
4.111797268 9.158169837243366e-06
4.113148499 5.022390839209322e-06
4.1144997309999995 2.2464498188189054e-06
4.115850962000001 2.3598335106010446e-07
4.117202194000001 1.601702290354937e-08
4.118553425 1.8808892199799096e-08
4.119904657 8.434993845741602e-07
4.121255887999999 2.748669937326387e-06
4.122607119 4.510117358857908e-06
4.123958351000001 6.0829933593706965e-06
4.125309582 1.1998483736246446e-06
4.126660814 1.0965558688048983e-07
4.128012045 5.889900580845761e-09
4.129363277 5.8908123328731826e-09
4.130714508 5.89129243234759e-09
4.132065739 5.89138542014548e-09
4.133416971 5.891463745837106e-09
4.134768202 1.1253681740256113e-08
4.136119434 7.680173481488785e-07
4.1374706649999995 1.6666995979158211e-06
4.138821897 5.453945516347983e-07
4.140173128000001 2.8631171609189006e-08
4.14152436 1.5344032088701153e-08
4.142875591 2.681350745030779e-07
4.144226821999999 2.314096089300625e-06
4.145578054 5.439847097005616e-06
4.146929285000001 7.1985740881057606e-06
4.148280517 9.365847709750289e-06
4.149631748 7.431731472008682e-06
4.15098298 3.15640020821186e-06
4.152334211 9.909558549346154e-07
4.153685442 9.869270527415923e-07
4.155036674 1.889158264215061e-06
4.156387905 4.293853802981693e-06
4.157739136999999 4.552036267530737e-06
4.159090368 8.221580380373808e-07
4.1604416 5.308347511615416e-07
4.161792831 2.896258085616523e-06
4.163144063 6.8693902699731324e-06
4.164495294 8.474032870566585e-06
4.165846525 1.4176789122796297e-05
4.167197757 2.1071066182654438e-05
4.1685489879999995 2.2119524357851318e-05
4.169900220000001 1.792315437194481e-05
4.171251451 1.3516828150580524e-05
4.172602683 1.221285829573401e-05
4.173953914 1.438021772582679e-05
4.1753051459999995 1.7975619246214568e-05
4.1766563770000005 1.8748755012446725e-05
4.178007608 1.7124986492297783e-05
4.17935884 1.1274813757067255e-05
4.180710071 8.606160975562433e-06
4.182061303 6.750199491875784e-06
4.183412534 4.1630213493814825e-06
4.184763766 2.24286021554554e-06
4.186114997 2.9048905889397323e-06
4.187466228 2.617033251929072e-06
4.18881746 2.968667088066466e-06
4.190168691 5.684847815035912e-06
4.1915199229999995 1.275522789690028e-05
4.1928711540000005 1.6023859941927728e-05
4.194222386000001 1.4804962297122304e-05
4.195573617 1.4012268744359046e-05
4.196924849 1.2896488102749604e-05
4.198276079999999 1.148165530342281e-05
4.199627311 1.1430928974801055e-05
4.200978543 1.3258612368978124e-05
4.202329774 1.1463462990342866e-05
4.203681006 8.309064160259058e-06
4.205032237 6.113362342583658e-06
4.206383469 6.582820433481328e-06
4.2077347 5.313754742288487e-06
4.209085931 5.349613956193821e-06
4.210437163 6.938665988634452e-06
4.211788394 9.139111276720709e-06
4.213139626 8.107224740409034e-06
4.2144908569999995 6.933899352487751e-06
4.215842089 9.115849202395903e-06
4.217193320000001 9.95213699260295e-06
4.218544552 9.5075068993331e-06
4.219895783 9.407401103456328e-06
4.221247013999999 7.704550547876566e-06
4.2225982459999996 5.696895221276513e-06
4.223949477 5.313497728152105e-06
4.225300709 9.094793195522262e-06
4.22665194 1.1029840888779523e-05
4.228003171999999 1.1138676713890064e-05
4.229354403 1.0823563172269325e-05
4.2307056339999995 9.976224739670898e-06
4.232056866 9.362223386122684e-06
4.233408097000001 9.887952457595282e-06
4.234759329 9.591835132842992e-06
4.23611056 6.894142379723226e-06
4.237461792 2.71995195627029e-06
4.238813023 1.3612362339384413e-07
4.240164255 6.387067814801361e-07
4.241515486 5.470469156582652e-06
4.242866717 5.958600163231232e-06
4.244217949 6.972076714002758e-06
4.24556918 1.1106863930745216e-05
4.246920412000001 1.3264903342140125e-05
4.248271643 1.246063336975923e-05
4.249622875 1.323658763028036e-05
4.250974105999999 1.5663468288903696e-05
4.2523253379999995 1.765705915406848e-05
4.2536765690000005 1.8553598021227973e-05
4.2550278 2.0220722256027222e-05
4.256379032 2.122710832941689e-05
4.257730263 1.951257967787891e-05
4.259081495 1.9876074654452302e-05
4.260432726 2.2369389366345236e-05
4.261783958 2.441926375303786e-05
4.263135189 2.195368916776445e-05
4.26448642 2.0579342535578664e-05
4.265837652 1.9341991319348593e-05
4.267188883 1.6094989496502176e-05
4.2685401149999995 1.137233349957317e-05
4.2698913460000005 1.3582139023348079e-05
4.271242578000001 1.7734920897725355e-05
4.272593809 1.9444026565453995e-05
4.273945041 1.5450903377087186e-05
4.275296271999999 1.3558989139553474e-05
4.276647503 1.1841143388514335e-05
4.277998735 1.0488495705848416e-05
4.279349966 9.464885823375604e-06
4.280701198 1.262744764712023e-05
4.282052429 1.5492281837433267e-05
4.283403661 1.691644208428735e-05
4.284754892 1.590764776563708e-05
4.286106123 1.3117845258504354e-05
4.287457355 1.1223718857795324e-05
4.288808586 1.093488816939829e-05
4.290159818 1.545237313842351e-05
4.2915110489999995 1.9479959583119684e-05
4.292862281 1.774290103878548e-05
4.294213512000001 1.5318938539578192e-05
4.295564744 1.4772694049364164e-05
4.296915975 1.754017081750001e-05
4.298267206 1.788526667186506e-05
4.299618438 1.8295578144448118e-05
4.300969669 1.9557892079828108e-05
4.302320901 2.034021959941064e-05
4.303672132 1.970594771515697e-05
4.305023363999999 2.0509287736005032e-05
4.306374595 2.1918413559075053e-05
4.3077258259999995 1.9718453072539247e-05
4.309077058 1.4115880406078212e-05
4.310428289000001 1.473239583810763e-05
4.311779521 1.7315458620146616e-05
4.313130752 1.894547723015326e-05
4.314481984 1.875272276598828e-05
4.315833215 2.096467996211233e-05
4.317184447 2.5426323014509082e-05
4.318535678 2.5642628659426846e-05
4.319886909 2.1554611514650302e-05
4.321238141 2.0544298520417866e-05
4.322589372 2.203244021074115e-05
4.323940604000001 2.4701815906968344e-05
4.325291835 2.8783545496388513e-05
4.326643067 3.292590501717527e-05
4.327994297999999 3.494691137500233e-05
4.329345529999999 3.108974971254314e-05
4.3306967610000004 2.97822868252228e-05
4.332047992 3.260843841546392e-05
4.333399224 3.8031138906650995e-05
4.334750455 3.9932790653872556e-05
4.336101687 3.913738920299053e-05
4.337452918 3.75308887139192e-05
4.33880415 3.5199776144561205e-05
4.340155381 3.1947114917501524e-05
4.341506612 3.265132626300445e-05
4.342857844 3.3181046466363044e-05
4.344209075 3.232400693478039e-05
4.3455603069999995 2.872089178600801e-05
4.3469115380000005 2.929149134844851e-05
4.34826277 2.958067659923652e-05
4.349614001 2.801536948765428e-05
4.350965233 2.346473721667136e-05
4.352316464 2.3066918488171068e-05
4.353667695 2.244409030699144e-05
4.355018927 2.048601738914357e-05
4.356370158 1.886017290176289e-05
4.35772139 2.1884260753080643e-05
4.359072621 2.452189455299047e-05
4.360423853 2.2737772050149956e-05
4.361775084 1.6083469638169193e-05
4.363126315000001 1.3809271086425917e-05
4.364477547000001 1.4166575971822531e-05
4.365828778 1.3531399220625418e-05
4.36718001 1.11816003368691e-05
4.3685312409999995 1.1174733869879005e-05
4.369882473 1.1534805091632555e-05
4.371233704 9.42463970654762e-06
4.372584936 7.994134225221698e-06
4.373936167 7.489768054015063e-06
4.375287398 7.545134219841535e-06
4.37663863 5.737900571956476e-06
4.377989861 5.203951656047344e-06
4.379341093 5.493314874237506e-06
4.380692324 6.731908758445997e-06
4.382043555999999 5.705744181518831e-06
4.383394787 5.260683245919e-06
4.3847460179999995 8.182057974396463e-06
4.38609725 7.221521269979542e-06
4.387448481000001 2.7024326645374857e-06
4.388799713 3.4687634946127246e-06
4.390150944 7.173231017178354e-06
4.391502176 7.832678328733362e-06
4.392853407 4.06057757342603e-06
4.394204639 2.458568024949883e-06
4.39555587 2.7136875592623496e-06
4.396907101 4.95333529679749e-06
4.398258332999999 6.434445900695188e-06
4.399609564 8.216547869167441e-06
4.400960796000001 1.1565628481706853e-05
4.402312027 1.1404927324035709e-05
4.403663259 9.857710631216665e-06
4.405014489999999 8.226106648973709e-06
4.406365721999999 1.0440160618202042e-05
4.407716953 1.1354027435099594e-05
4.409068184 1.1813429590627108e-05
4.410419416 1.0177758354474882e-05
4.411770647 1.1221872010262687e-05
4.413121879 1.0924421755318936e-05
4.41447311 9.678588628931965e-06
4.415824342 9.53553605188178e-06
4.417175573000001 1.3158772903861342e-05
4.418526804 1.8226095840807185e-05
4.419878036 2.1008402807004534e-05
4.421229266999999 2.639194343173314e-05
4.4225804989999995 3.249705072715438e-05
4.4239317300000005 3.7365074804773255e-05
4.425282962 3.472239781994008e-05
4.426634193 3.579511067029188e-05
4.427985425 4.049007287451173e-05
4.429336656 4.4672353733639746e-05
4.430687887 3.347935921210577e-05
4.432039119 3.0251977639555393e-05
4.43339035 3.1060427332317e-05
4.434741582 3.7224422602496815e-05
4.436092813 3.948037587248691e-05
4.437444045 4.3385773595238445e-05
4.438795276 5.3213567191299055e-05
4.440146507000001 6.0447374503914987e-05
4.441497739000001 6.37926311041677e-05
4.44284897 6.408570245400383e-05
4.444200202 6.979955131006923e-05
4.445551432999999 7.035703075850396e-05
4.446902665 6.794973663000852e-05
4.448253896 6.314439430828087e-05
4.449605128 6.94481913583415e-05
4.450956359 7.429976596110398e-05
4.45230759 7.668322596403181e-05
4.453658822 7.832051461094814e-05
4.455010053 8.419260852171901e-05
4.456361285 8.912300019715527e-05
4.457712516 8.442112321493494e-05
4.459063747999999 8.334798860533862e-05
4.460414979 8.88621552253915e-05
4.4617662110000005 0.00010365909790319763
4.463117442 0.00010722919864985214
4.464468673000001 0.0001098131080367747
4.465819905 0.00011221742838104505
4.467171136 0.00011731358781788706
4.468522368 0.00011489476958326352
4.469873599 0.00011327143676499705
4.471224831000001 0.00011845652177759969
4.472576062 0.00012708914585292828
4.473927293 0.00013010404520370222
4.475278524999999 0.00012653177432407351
4.476629756 0.00013504132157360037
4.4779809880000006 0.00014578400311290445
4.479332219 0.00015524085736669263
4.480683451 0.00015026269842178044
4.482034682 0.0001518331060746638
4.483385914 0.00015735349549200896
4.484737145 0.00016662298177600043
4.486088376 0.00017001441405682644
4.487439608 0.0001777004288686682
4.488790839 0.00019260239223137764
4.490142071 0.00020508456495966148
4.491493302 0.00021317217188991685
4.492844534 0.00021840751504839404
4.494195765000001 0.0002298388978972533
4.495546996 0.0002344774804848443
4.496898228 0.00023552436581609658
4.498249458999999 0.00023541327444787945
4.4996006909999995 0.00024839468314149247
4.5009519220000005 0.00026171349942333375
4.502303154 0.00026853826904198983
4.503654385 0.0002736613178465445
4.505005617 0.0002844177808484251
4.506356848 0.00030235279736043525
4.507708079 0.00030762441709050053
4.509059311 0.0003148281312331833
4.510410542 0.0003252410356382239
4.511761774 0.00034873188669257095
4.513113005 0.0003645726727043624
4.514464237 0.0003770885477667976
4.5158154679999996 0.00039297571993330676
4.517166699000001 0.0004137412162227223
4.518517931 0.0004317323955286254
4.519869162 0.00043766797336731246
4.521220394 0.00045104322376554747
4.522571624999999 0.000469097749659481
4.523922857 0.0004926622186470584
4.525274088 0.0005050747408354801
4.52662532 0.0005224713879869323
4.527976551 0.0005476232380929963
4.529327782 0.0005746957750492953
4.530679014 0.0005960723068714012
4.532030245 0.0006129889005598464
4.533381477 0.0006463306987970023
4.534732708 0.0006781261269153455
4.53608394 0.0007070178626769527
4.537435171 0.000722831125118377
4.5387864030000005 0.0007517317521015609
4.540137634 0.0007881244677533403
4.541488865 0.0008242369290779179
4.542840097 0.0008565065180799105
4.544191328 0.0008926161147688714
4.5455425599999995 0.0009455038585538288
4.5468937910000005 0.0009932596547353651
4.548245023000001 0.0010386391080704491
4.549596254 0.0010805276586298264
4.550947485 0.0011373218678614868
4.552298716999999 0.0011950577421692228
4.553649948 0.0012455853546343588
4.5550011800000005 0.0012980823233392762
4.556352411 0.0013590470457341267
4.557703643 0.0014335313321752001
4.559054874 0.0014952976311151769
4.560406106 0.001560295649996823
4.561757337 0.0016330973262402401
4.563108568 0.0017240167095441356
4.5644598 0.0018121299913363205
4.565811031 0.0018936855960582282
4.567162263 0.001990043752883183
4.568513493999999 0.0020963975071867976
4.569864726 0.0022138600864839092
4.571215957000001 0.0023143509212539344
4.572567188 0.0024294231333399263
4.57391842 0.0025577149366788356
4.575269650999999 0.0027011761259262096
4.5766208829999995 0.0028395434754033676
4.5779721140000005 0.002971615075723725
4.579323346 0.0031315213120807982
4.580674577 0.003303678221759569
4.582025809 0.0034886734109643943
4.58337704 0.0036655067654185547
4.584728271 0.003865523737865104
4.586079503 0.004090561826975623
4.587430734 0.004327684178260131
4.588781966 0.004568883720091393
4.590133197 0.004814131056794865
4.591484429 0.005100666805142259
4.5928356599999995 0.005400073606654495
4.5941868910000005 0.005712715802521866
4.595538123 0.006035373269892227
4.596889354 0.006394998847314184
4.598240586 0.006796537148679826
4.599591817 0.0072089490646911605
4.6009430490000005 0.007642175504032163
4.60229428 0.008096829593589773
4.603645512 0.00861386160410199
4.604996743 0.009157364311379805
4.606347974 0.009724911948944252
4.607699206 0.010334369504907707
4.609050437 0.010999855808805902
4.610401669 0.01173411723435299
4.611752900000001 0.012498489300328541
4.613104132 0.01331531377630918
4.614455363 0.014193989040374078
4.6158065950000005 0.015164533616125986
4.617157826 0.016197928307834366
4.618509057 0.01728434467698998
4.619860289 0.018468583497790257
4.62121152 0.0197496113925347
4.622562751999999 0.02115141142893149
4.6239139830000004 0.02263586908975264
4.625265215000001 0.024229468214127067
4.626616446 0.02596844519924823
4.627967677 0.027860862548856457
4.629318908999999 0.029898137945937705
4.63067014 0.032066425943363924
4.6320213720000005 0.034430567249311726
4.633372603 0.03699388929904805
4.634723835 0.03978187442355186
4.636075066 0.0427682745893406
4.637426298 0.04597456000289156
4.638777529 0.04948756113596434
4.64012876 0.05328114176275718
4.641479992 0.05737679883450693
4.642831223 0.061759355035737186
4.644182455 0.06650384670597556
4.645533685999999 0.07164845093368132
4.646884918 0.077190808126675
4.648236149000001 0.08314131218337914
4.64958738 0.08951600560234786
4.650938612 0.0964006570498299
4.652289842999999 0.10390701380193672
4.6536410749999995 0.11181381292700592
4.6549923060000005 0.12021115876943224
4.656343538 0.12917580822639807
4.657694769 0.13872287148578047
4.659046001 0.14880358527331725
4.660397232 0.1594809008074049
4.661748463 0.17059169589195264
4.663099695 0.18227154973292778
4.664450926000001 0.1945711205562843
4.665802158 0.20710488777372127
4.667153389 0.22012050241228245
4.668504621 0.2335267786107783
4.6698558519999995 0.2470209786532307
4.6712070830000005 0.2608455569848826
4.672558315 0.2747036904529401
4.673909546 0.2883383980694435
4.675260778 0.3020791898914317
4.676612009 0.3154269349594494
4.6779632410000005 0.32836139340871273
4.679314472 0.3411286671372501
4.680665704 0.35290374995586243
4.682016935 0.3642442758917086
4.683368166 0.37518514645024903
4.684719398 0.38484717617280007
4.686070629 0.39405793759717833
4.687421861 0.40250663324764635
4.688773092 0.4099228267277324
4.690124324 0.4168581864555132
4.691475555 0.4228690321804377
4.6928267869999996 0.4280779648805876
4.694178018 0.4328225928963989
4.695529249 0.43667816412413374
4.696880481 0.44003538417784266
4.698231712 0.44347691878809603
4.699582943999999 0.4456148378529071
4.700934175 0.4474859324679856
4.702285407000001 0.44897651904393737
4.703636638 0.4500053815704382
4.704987869 0.4508235550626578
4.706339100999999 0.4512964422076464
4.707690332 0.4515828506222534
4.7090415640000005 0.4517532229604647
4.710392795 0.45170677456137787
4.711744027 0.4516042399456349
4.713095258 0.4514020661174103
4.71444649 0.4511282366795866
4.7157977209999995 0.4508197525540897
4.717148952 0.45045231239604105
4.718500184000001 0.450049312934877
4.719851415 0.4496386551463589
4.721202647 0.44920227610912583
4.722553877999999 0.4487535125320041
4.72390511 0.4483011069278705
4.725256341000001 0.4478512565455551
4.726607572 0.4474247410167349
4.727958804 0.4470347878615135
4.729310035 0.4466535892167169
4.730661267 0.4462857611427701
4.7320124980000005 0.4459600352166927
4.73336373 0.44568992888209286
4.734714961 0.4458073460618494
4.736066193 0.4457294978915783
4.737417424 0.4455302765684177
4.738768654999999 0.4453581682655209
4.740119887 0.44524881899647034
4.741471118000001 0.4451624408487658
4.74282235 0.4450798526591326
4.744173581 0.4450129212974885
4.745524813 0.4449582378795718
4.7468760439999995 0.4449326794280753
4.748227276 0.4448962342964066
4.749578507 0.44483580861534844
4.750929738 0.4447880601254949
4.75228097 0.44474960864253915
4.753632201 0.4447341720021271
4.7549834330000005 0.4447003648631669
4.756334664 0.44465033180630764
4.757685896 0.4446229334173428
4.759037127 0.44460451884445434
4.760388358 0.444601629324252
4.76173959 0.44457292048536706
4.763090821 0.4445142182817659
4.764442053 0.444462657895439
4.765793284 0.44440836065595746
4.767144516 0.444349781367972
4.768495747 0.44424572816854757
4.7698469789999995 0.44413345004691757
4.77119821 0.4440225218748136
4.772549441 0.4438981571544127
4.773900673 0.44376278188307267
4.775251904 0.4435839967912269
4.776603135999999 0.4434092749395331
4.777954367 0.4432500288570211
4.779305599000001 0.4430779857038137
4.78065683 0.44289556832597
4.782008061000001 0.442686201785786
4.783359293 0.442493241040095
4.784710524 0.4423210197934586
4.7860617560000005 0.44212983007170176
4.787412987 0.4419310752235478
4.788764219 0.4417152755156788
4.79011545 0.4415173099373666
4.791466682 0.441338388801422
4.7928179129999995 0.44112806536587124
4.7941691440000005 0.44090884393226354
4.795520376000001 0.4406756280759375
4.796871607 0.4404593523893153
4.798222839 0.4402550528589084
4.799574069999999 0.4400217316215952
4.800925302 0.43979360604695306
4.802276533000001 0.4395734201822357
4.803627764 0.4393773321999071
4.804978996 0.4391930801387856
4.806330227 0.43898108890243387
4.807681459 0.438778845127391
4.80903269 0.43907169352548875
4.810383922 0.4389041991835992
4.811735153 0.4387364301726572
4.813086384999999 0.4385374441746979
4.814437616 0.43835341910703834
4.815788846999999 0.4381902208178992
4.817140079 0.4380454613014057
4.818491310000001 0.43790095042759364
4.819842542 0.43771590318299197
4.821193773 0.4375492624326306
4.822545005 0.4373958123864247
4.8238962359999995 0.43724433440400834
4.825247468 0.43708778665136094
4.826598699 0.4368979166749517
4.82794993 0.4367316890474842
4.829301162 0.4365917340769232
4.830652393 0.43645895495839804
4.8320036250000005 0.4363220843334879
4.833354856 0.43616007336509016
4.834706088 0.4360167005780746
4.836057318999999 0.43589391234918917
4.83740855 0.43575715137694276
4.838759782 0.4356114169689266
4.840111013 0.4354354886323783
4.841462245 0.4352752603974867
4.842813476 0.4351353391781008
4.844164708 0.43497187828623907
4.845515939 0.43479786949453747
4.8468671709999995 0.4345976335536902
4.8482184020000005 0.4344094494268859
4.849569633 0.4342372739854259
4.850920865 0.4340403733807619
4.852272096 0.4338337556403441
4.853623327999999 0.4336167413430737
4.854974559 0.4334136057034479
4.856325791000001 0.43323412470478795
4.857677022 0.43302550299557196
4.859028253 0.432804024563848
4.860379485 0.4325826153991408
4.861730716 0.43236583530464234
4.863081948 0.4321626219093207
4.864433179 0.4319124778138006
4.865784411 0.4316377836713771
4.867135642 0.4313609852315587
4.868486874 0.4310872896598354
4.8698381049999995 0.4308247136926327
4.8711893360000005 0.4305185888684241
4.872540568000001 0.43018279637416956
4.873891799 0.42985417818948973
4.875243031 0.4295259172458731
4.876594261999999 0.4294831077746438
4.8779454939999995 0.4293237196493664
4.879296725000001 0.42877327426808376
4.880647956 0.4282400871589279
4.881999188 0.4277141741944909
4.883350419 0.42718749663331207
4.884701651 0.4266409475670088
4.8860528819999995 0.42606637403119385
4.887404114 0.42551563761632644
4.888755345 0.42497448742046884
4.890106576999999 0.4244094194300057
4.891457808 0.4238248105518838
4.892809038999999 0.4231981514533912
4.894160271 0.422589164062013
4.895511502000001 0.4219932160330336
4.896862734 0.4213709390609335
4.898213965 0.4207384389015293
4.899565197 0.42007712811543796
4.900916428 0.41943675955653803
4.902267660000001 0.41882285122819773
4.903618891 0.4181853497899495
4.904970122 0.41753756209043164
4.906321354 0.41687036507776254
4.907672585 0.41621854276924214
4.9090238170000005 0.4156053156209917
4.910375048 0.4149706357424223
4.91172628 0.41432017411113486
4.913077511 0.41366111266798994
4.914428742 0.41300382250127227
4.915779974 0.4123801512463141
4.917131205 0.4117326636833621
4.918482437 0.4110516365991783
4.919833668 0.4103761416249059
4.9211849 0.40969924741619096
4.922536131 0.40906241899405854
4.9238873629999995 0.40841344357487874
4.9252385940000005 0.40771875069400026
4.926589825 0.4070342705374772
4.927941057 0.40636066065958265
4.929292288 0.4057198077012058
4.930643519999999 0.40508669131818703
4.931994751 0.404406961731235
4.933345983000001 0.40373788730588567
4.934697214 0.40309695690359826
4.936048445 0.40246674548184136
4.937399677 0.4018452274484564
4.938750908 0.4011712833672049
4.94010214 0.40048654815498014
4.941453371 0.4000268642060073
4.942804603 0.39960229440374717
4.944155834 0.39892869539409687
4.945507066 0.3982111812838661
4.9468582969999995 0.39746321212081076
4.9482095280000005 0.39674183438229066
4.949560760000001 0.39602201626603206
4.950911991 0.3952637439226648
4.952263223 0.39447019672713174
4.953614453999999 0.39360941531519505
4.9549656859999995 0.39274305969043344
4.9563169170000005 0.39187288097913914
4.957668148 0.39091263920757413
4.95901938 0.38992286576856994
4.960370611 0.38879980843098316
4.961721843 0.3876545659616192
4.9630730739999995 0.38646217264295635
4.964424306 0.38515239175929944
4.965775537000001 0.3837551033182035
4.967126769 0.3821625376817859
4.968478 0.38051871205374277
4.969829230999999 0.378685535915302
4.971180463 0.3767611227844171
4.972531694000001 0.37458515974405143
4.973882926 0.3722273346324607
4.975234157 0.369706829739714
4.976585389 0.3669452815413686
4.97793662 0.36412069303630307
4.979287852000001 0.36079725153614794
4.980639083 0.35738069191075306
4.981990314 0.35358148796623373
4.983341545999999 0.3495868322949213
4.984692777 0.3453479355398521
4.986044009 0.3406861043071113
4.98739524 0.335860228167676
4.988746472 0.3304950114140774
4.990097703 0.3250650408877766
4.991448934 0.319129706953362
4.992800166 0.3130158939068133
4.9941513969999995 0.3064827444163986
4.995502629 0.2996582904351778
4.99685386 0.29266570798495434
4.998205092 0.28525419119848583
4.999556323 0.2778757162603596
5.0009075549999995 0.26988019991010204
5.0022587860000005 0.26197607351728425
5.003610017 0.2537578494961326
5.004961249 0.24551045786637157
5.006312479999999 0.2371605665447504
5.007663711999999 0.22863329001268504
5.009014943 0.22040465336900814
5.010366175 0.2117639085650932
5.011717406 0.20335340208844518
5.013068637 0.19479986518498996
5.014419869 0.18646553057893828
5.0157711 0.1781088366178192
5.017122332 0.16995342393795373
5.018473563 0.16198488514347487
5.019824795000001 0.15417252408773446
5.021176026 0.1466382801441185
5.022527258 0.13919056564453278
5.0238784889999994 0.13207111650361275
5.0252297200000005 0.1251441038738859
5.026580952000001 0.11853390176443059
5.027932183 0.11215029209133859
5.029283415 0.10602801646751717
5.030634646 0.10015104829428569
5.031985878 0.09456003911708635
5.033337109 0.08926315119113315
5.034688341 0.08420258595502664
5.036039572 0.0794166325922128
5.037390803 0.07482016699201456
5.038742035 0.070489863967201
5.0400932659999995 0.06640673979282637
5.041444498 0.06254954237156345
5.042795729000001 0.05890210615635185
5.044146961 0.055447916895980186
5.045498192 0.05218492018102562
5.046849422999999 0.04913836961844669
5.048200655 0.046276676137368467
5.049551886000001 0.04357100186952851
5.050903118 0.0410216051184705
5.052254349 0.03860847523127483
5.053605581 0.03635170160223912
5.054956812 0.03425320930923461
5.056308044000001 0.0322747208795832
5.057659275 0.03040953946251196
5.059010506 0.02864977055211689
5.060361737999999 0.026991143252813637
5.061712969 0.025463007827688757
5.063064201 0.024027496779581454
5.064415432 0.022675141558515674
5.065766664 0.021399150004446595
5.067117895 0.02019448769684434
5.068469126 0.019070329220281478
5.069820358 0.01802935661122695
5.0711715889999995 0.017041096535899455
5.072522821 0.016103603011348347
5.073874052 0.015221626944930901
5.075225284 0.01438974902201471
5.076576515 0.013628363002222843
5.0779277469999995 0.012924237073754287
5.0792789780000005 0.012232408832002155
5.080630209 0.01157804502904966
5.081981441 0.010963760876229476
5.083332671999999 0.01039051400255384
5.084683904 0.009863047856414444
5.086035135 0.009355353625576648
5.087386367 0.008866845452740753
5.088737598 0.0084095749174678
5.090088829 0.007979010127830958
5.091440061 0.007585808704918323
5.092791292 0.007215880318602681
5.094142524 0.006849604913426908
5.095493755000001 0.006502115233124724
5.096844987000001 0.006181002011355811
5.098196218 0.005879299591435058
5.09954745 0.005602965147680829
