# lambda flux err tem
# angstroms ergs^-1cm^-2a^-1 ergs^-1cm^-2a^-1 none
3637.390 0.314 0.000 54.029
3638.227 0.717 0.000 53.619
3639.065 1.482 0.000 52.849
3639.903 0.798 7.011 53.527
3640.741 0.506 7.032 56.245
3641.580 7.678 7.164 54.718
3642.418 17.648 7.275 53.327
3643.257 -12.945 6.537 55.782
3644.096 1.054 6.754 54.450
3644.936 0.641 6.939 53.356
3645.775 -0.744 5.648 54.403
3646.614 -1.740 5.353 52.326
3647.454 -1.654 5.222 51.248
3648.294 2.189 5.207 54.050
3649.134 -4.783 4.890 51.737
3649.975 0.269 4.869 51.485
3650.815 -3.744 4.828 52.550
3651.656 -1.321 4.890 51.162
3652.497 5.611 5.098 52.739
3653.338 -1.354 5.036 55.510
3654.179 -7.667 5.030 54.780
3655.021 -6.947 5.014 55.847
3655.862 -3.444 5.034 55.423
3656.704 0.458 5.126 54.276
3657.546 10.121 5.201 55.012
3658.388 2.692 5.109 55.523
3659.231 6.183 5.081 56.365
3660.074 1.470 4.928 56.899
3660.917 0.522 4.882 57.013
3661.760 -1.336 4.866 55.481
3662.603 -3.938 4.867 56.086
3663.446 0.360 4.930 56.962
3664.290 -0.833 4.960 58.203
3665.134 -6.548 4.830 57.852
3665.978 4.517 4.838 55.356
3666.822 -3.443 4.611 55.900
3667.667 4.133 4.669 56.701
3668.511 3.100 4.674 55.460
3669.356 -2.280 4.652 55.991
3670.201 -0.070 4.729 55.149
3671.046 0.996 4.645 56.676
3671.891 4.899 4.630 55.166
3672.737 6.552 4.653 55.750
3673.583 0.147 4.601 57.115
3674.429 8.811 4.609 55.926
3675.275 -13.819 4.372 58.785
3676.121 -4.138 4.469 58.171
3676.968 4.642 4.479 55.104
3677.815 -5.991 4.315 56.388
3678.662 -8.608 4.268 54.893
3679.509 -5.226 4.295 54.252
3680.356 -6.709 4.363 55.852
3681.204 3.912 4.425 53.498
3682.051 -3.479 4.354 55.161
3682.899 6.333 4.557 54.963
3683.747 1.952 4.437 54.596
3684.595 0.582 4.318 52.884
3685.444 5.096 4.338 51.896
3686.293 5.637 4.391 54.881
3687.142 7.014 4.450 55.187
3687.991 7.219 4.412 54.674
3688.840 1.413 4.289 54.452
3689.689 -8.288 4.083 54.116
3690.539 -10.228 3.964 53.523
3691.389 5.535 4.251 54.623
3692.239 4.680 4.256 56.529
3693.090 -4.491 4.047 53.849
3693.940 -3.655 4.113 55.978
3694.791 0.226 4.226 57.617
3695.641 -6.117 4.215 55.393
3696.493 -3.321 4.295 55.516
3697.344 -2.776 4.363 55.454
3698.195 -5.208 4.370 57.651
3699.047 0.225 4.450 55.557
3699.899 2.508 4.418 56.862
3700.750 3.653 4.380 56.688
3701.603 3.357 4.337 56.964
3702.455 0.342 4.172 58.583
3703.308 1.233 4.113 56.574
3704.161 2.898 4.174 56.842
3705.014 -3.089 4.073 56.791
3705.867 -7.025 3.839 53.267
3706.720 -4.984 3.843 53.814
3707.574 -3.697 3.873 53.919
3708.428 -4.908 3.803 52.718
3709.282 -10.345 3.747 54.650
3710.136 -6.962 3.805 53.311
3710.990 -0.417 3.960 53.155
3711.845 0.208 4.114 54.475
3712.700 -0.621 4.086 55.446
3713.554 0.688 4.111 55.953
3714.410 0.711 4.076 58.934
3715.265 -5.798 3.943 58.735
3716.121 -4.503 3.873 57.764
3716.977 -5.182 3.879 59.037
3717.833 -4.525 3.864 57.706
3718.689 0.451 3.874 55.535
3719.545 0.349 3.918 55.588
3720.402 -4.150 3.762 53.390
3721.258 3.035 3.859 51.737
3722.115 -2.784 4.601 51.906
3722.972 -10.298 4.494 52.114
3723.830 5.089 4.724 52.089
3724.687 7.036 3.977 54.121
3725.545 7.128 4.058 54.806
3726.403 16.655 4.199 55.162
3727.261 21.481 4.376 57.544
3728.120 23.281 4.413 56.269
3728.978 29.284 4.554 58.334
3729.837 36.020 4.593 57.134
3730.696 27.616 4.411 55.681
3731.555 19.612 4.266 55.213
3732.414 10.053 4.015 53.826
3733.274 -1.323 3.861 54.470
3734.134 -7.332 3.698 53.779
3734.993 -5.413 3.741 50.893
3735.854 1.421 3.862 48.871
3736.714 5.509 3.960 48.923
3737.574 -0.392 3.887 49.190
3738.435 -7.417 3.838 49.816
3739.296 -3.618 3.907 50.395
3740.157 2.140 4.010 50.837
3741.018 -2.062 3.842 53.615
3741.880 -1.297 3.839 54.223
3742.741 -0.744 3.830 55.236
3743.604 -5.949 3.741 57.010
3744.466 -3.639 3.738 54.455
3745.328 -5.393 3.681 54.040
3746.190 -2.587 3.766 52.615
3747.053 -5.777 3.750 51.578
3747.916 -10.713 3.685 51.997
3748.779 -2.807 3.790 49.437
3749.642 -0.631 3.749 50.609
3750.506 -0.286 3.675 50.273
3751.369 -0.857 3.550 48.564
3752.233 -5.617 3.541 51.286
3753.097 -3.300 3.590 51.986
3753.961 -5.894 3.553 53.535
3754.826 -1.156 3.669 54.962
3755.691 1.629 4.083 57.639
3756.555 -0.110 4.050 57.723
3757.421 1.791 3.589 54.541
3758.286 2.915 3.571 54.310
3759.151 3.542 3.625 55.537
3760.017 5.358 4.186 54.054
3760.883 3.494 4.180 54.979
3761.749 5.006 4.151 53.938
3762.615 -1.772 3.933 53.324
3763.482 0.258 3.403 56.042
3764.348 -4.344 3.303 55.076
3765.216 8.354 3.459 52.905
3766.083 -0.446 3.364 53.887
3766.949 -10.779 3.257 55.465
3767.817 -3.798 3.251 53.174
3768.685 -0.951 3.347 53.365
3769.553 0.229 3.353 53.969
3770.421 -2.939 3.284 53.713
3771.289 -7.070 3.213 55.470
3772.157 -8.387 3.161 55.551
3773.026 -6.250 3.175 54.637
3773.895 -7.979 3.112 55.161
3774.764 -8.773 3.025 53.783
3775.633 -8.617 3.024 56.656
3776.503 -7.372 3.051 56.014
3777.373 -10.774 3.066 56.555
3778.242 -3.158 3.132 56.462
3779.113 -2.580 3.163 54.513
3779.983 -7.275 3.182 57.641
3780.853 -6.884 3.272 58.918
3781.724 -5.344 3.342 58.554
3782.595 -1.868 3.357 58.343
3783.466 -0.435 3.391 58.803
3784.337 -4.829 3.324 60.245
3785.209 -9.714 3.303 60.944
3786.080 -7.378 3.274 58.199
3786.952 -7.247 3.286 58.188
3787.824 -11.254 3.276 58.679
3788.697 -13.877 3.287 57.102
3789.569 -6.008 3.454 54.109
3790.442 -5.157 3.470 54.243
3791.315 -8.827 3.514 57.473
3792.188 -11.460 3.458 54.878
3793.061 -11.651 3.411 54.340
3793.935 -7.044 3.456 54.659
3794.808 -13.651 3.357 53.064
3795.682 -14.702 3.390 55.478
3796.556 -9.771 3.479 55.205
3797.430 -8.333 3.510 51.752
3798.305 -6.820 3.570 50.726
3799.179 -5.427 3.679 50.176
3800.054 -4.901 3.709 51.659
3800.929 -7.101 3.646 52.569
3801.805 1.909 3.649 43.977
3802.680 5.997 3.714 45.833
3803.556 1.920 3.653 46.671
3804.432 -0.179 3.568 47.749
3805.308 5.629 3.563 46.979
3806.184 2.622 3.450 48.439
3807.061 4.183 3.412 47.924
3807.938 2.053 3.292 47.971
3808.815 -0.398 3.169 47.596
3809.692 3.115 3.165 46.197
3810.569 6.100 3.277 48.075
3811.446 7.631 3.301 46.597
3812.324 2.685 3.248 47.660
3813.202 6.071 3.269 47.175
3814.080 2.488 3.177 44.097
3814.958 3.836 3.181 44.434
3815.837 4.549 3.174 44.843
3816.716 0.983 3.060 43.245
3817.595 0.160 3.049 43.329
3818.474 1.995 3.071 44.395
3819.353 0.481 3.141 45.650
3820.233 2.509 3.253 45.773
3821.113 7.105 3.320 44.873
3821.992 6.228 3.236 43.369
3822.873 1.339 3.080 42.103
3823.753 0.635 3.036 44.447
3824.634 0.744 2.984 43.598
3825.514 -3.975 2.837 43.986
3826.395 -1.634 2.803 42.338
3827.276 -0.191 2.787 41.503
3828.158 -5.059 2.774 42.870
3829.039 -3.439 2.785 43.258
3829.921 -6.590 2.740 44.394
3830.803 -4.915 2.798 44.932
3831.685 -2.842 2.878 43.809
3832.567 -1.924 2.902 44.086
3833.450 -6.765 2.838 46.641
3834.333 -10.013 2.744 46.822
3835.216 -7.002 2.720 45.291
3836.099 -4.385 2.692 46.042
3836.982 -2.533 2.719 43.971
3837.866 -2.341 2.737 43.755
3838.750 0.323 2.830 43.951
3839.634 -2.660 2.750 43.278
3840.518 -4.691 2.758 42.609
3841.403 0.843 2.797 41.283
3842.287 5.419 2.901 41.046
3843.172 0.380 2.851 43.736
3844.057 0.443 2.865 44.276
3844.942 2.676 2.825 42.973
3845.828 -4.706 2.774 45.207
3846.713 -0.740 2.876 44.782
3847.599 -0.480 2.884 44.628
3848.485 -3.890 2.831 45.516
3849.372 0.651 2.925 45.668
3850.258 7.508 2.987 43.421
3851.145 -2.033 2.835 43.835
3852.031 -2.013 2.861 44.271
3852.918 2.734 2.895 44.374
3853.806 0.155 2.887 44.689
3854.693 -1.402 2.796 44.199
3855.581 -5.445 2.751 45.716
3856.469 1.026 2.812 43.896
3857.357 2.453 2.849 41.487
3858.245 4.949 2.908 41.814
3859.134 6.945 2.963 42.317
3860.022 7.117 2.962 41.408
3860.911 5.119 2.918 40.985
3861.801 4.669 2.900 40.897
3862.690 3.608 2.930 42.087
3863.579 3.568 2.902 42.683
3864.469 7.186 2.891 42.478
3865.359 3.266 2.908 43.833
3866.249 6.231 2.998 44.112
3867.139 12.176 3.148 44.335
3868.030 17.612 3.275 44.584
3868.921 22.511 3.390 43.998
3869.812 25.755 3.408 43.026
3870.703 26.305 3.392 44.699
3871.594 18.296 3.207 43.618
3872.486 1.866 2.959 44.124
3873.377 7.240 3.014 44.769
3874.270 5.516 3.106 43.934
3875.162 -1.317 2.894 43.912
3876.054 4.102 2.973 43.961
3876.947 1.852 2.984 46.675
3877.840 -2.888 3.010 47.120
3878.732 -1.414 3.042 47.394
3879.625 2.280 3.071 47.480
3880.519 2.961 3.014 45.582
3881.413 -0.003 2.909 44.195
3882.307 -4.052 2.865 44.774
3883.201 -3.367 2.939 45.048
3884.095 -1.457 3.086 46.209
3884.989 -4.975 3.056 48.092
3885.884 2.129 3.103 46.819
3886.779 3.514 3.076 47.855
3887.674 -0.541 3.015 47.730
3888.569 1.330 3.010 47.725
3889.465 6.260 3.078 48.045
3890.360 3.928 3.067 48.219
3891.256 1.173 2.992 47.839
3892.152 2.854 2.997 47.911
3893.049 0.090 2.961 49.166
3893.945 3.939 3.029 48.625
3894.842 0.169 2.994 48.322
3895.739 1.095 3.043 49.457
3896.636 0.910 3.084 48.711
3897.533 3.827 3.115 46.683
3898.431 4.436 3.165 48.124
3899.329 2.371 3.115 47.630
3900.226 2.517 3.132 47.952
3901.125 -0.812 3.042 47.922
3902.023 2.704 3.037 47.923
3902.921 3.621 3.000 46.480
3903.821 3.298 2.928 46.030
3904.719 3.108 2.948 46.434
3905.618 -0.214 2.886 46.889
3906.518 2.495 2.894 45.764
3907.417 4.342 2.852 43.911
3908.317 -0.244 2.818 44.436
3909.218 4.866 2.872 43.513
3910.118 4.261 2.919 45.991
3911.018 3.618 2.945 46.816
3911.919 1.684 2.966 47.520
3912.820 1.997 2.962 48.866
3913.720 1.887 2.907 48.015
3914.622 0.085 2.827 47.152
3915.523 0.095 2.815 48.411
3916.425 3.260 2.844 48.284
3917.327 3.987 2.862 46.601
3918.229 0.073 2.795 47.609
3919.131 3.603 2.789 44.423
3920.034 3.563 2.777 43.128
3920.937 6.926 2.896 45.895
3921.840 4.587 2.878 44.506
3922.743 6.765 2.892 43.112
3923.646 8.337 2.875 44.413
3924.550 5.343 2.838 43.113
3925.453 2.060 2.756 42.530
3926.357 0.840 2.715 43.852
3927.262 2.173 2.667 42.790
3928.166 5.425 2.701 42.033
3929.071 2.699 2.753 42.656
3929.975 5.152 2.714 41.112
3930.880 0.853 2.792 39.340
3931.785 -2.151 2.786 39.932
3932.691 -5.933 3.117 40.834
3933.597 -7.783 3.007 38.190
3934.502 -4.402 2.376 36.535
3935.408 -0.705 2.422 34.491
3936.315 -2.736 2.365 33.924
3937.221 -0.970 2.356 34.923
3938.128 -0.632 2.351 33.551
3939.034 2.698 2.433 33.383
3939.942 -0.279 2.434 35.507
3940.850 -1.189 2.495 38.772
3941.757 4.960 2.597 39.721
3942.664 1.860 2.618 41.521
3943.572 -0.217 2.601 42.041
3944.480 2.847 2.641 40.594
3945.388 3.223 2.655 41.708
3946.297 3.586 2.641 43.406
3947.206 4.627 2.653 42.717
3948.115 1.729 2.677 46.726
3949.024 1.351 2.699 46.831
3949.934 6.281 2.737 45.805
3950.844 4.331 2.745 47.194
3951.753 6.514 2.749 46.120
3952.663 5.416 2.781 48.957
3953.573 3.208 2.780 47.649
3954.483 1.706 2.768 48.420
3955.394 6.378 2.920 49.702
3956.305 4.831 2.898 48.891
3957.217 -0.069 2.836 50.137
3958.128 -5.831 2.749 50.479
3959.040 -0.846 2.749 49.152
3959.951 1.173 2.718 49.237
3960.863 -4.042 2.575 47.604
3961.775 -0.524 2.631 47.518
3962.688 2.694 2.703 49.160
3963.600 1.589 2.670 45.881
3964.512 -1.631 2.636 43.708
3965.425 -0.938 2.566 42.645
3966.338 -4.003 2.549 44.786
3967.252 -4.350 2.532 45.275
3968.166 3.345 2.584 42.546
3969.080 -0.385 2.514 41.778
3969.994 -1.361 2.508 40.959
3970.908 1.998 2.802 40.934
3971.822 3.661 2.827 39.590
3972.737 1.281 2.579 39.878
3973.652 -2.011 2.546 41.312
3974.567 -2.785 2.512 41.435
3975.482 -1.730 2.561 43.040
3976.397 -1.752 2.565 45.500
3977.314 -3.238 2.531 47.031
3978.230 2.488 2.558 46.481
3979.145 0.386 2.572 47.959
3980.062 -1.084 2.580 49.666
3980.978 -5.157 2.585 50.375
3981.895 -2.678 2.620 50.598
3982.812 2.117 2.694 50.608
3983.729 0.639 2.643 50.544
3984.647 -2.301 2.579 51.504
3985.564 1.483 2.551 49.680
3986.482 -1.703 2.502 50.403
3987.400 -4.999 2.508 51.167
3988.318 0.592 2.632 49.229
3989.237 5.670 2.754 50.734
3990.156 5.565 2.765 51.085
3991.074 -1.585 2.717 52.637
3991.994 -0.614 2.651 50.229
3992.913 0.894 2.603 50.564
3993.832 1.402 2.599 51.930
3994.751 2.140 2.598 52.416
3995.671 -2.091 2.592 52.579
3996.592 3.312 2.717 51.670
3997.512 -0.064 2.703 51.283
3998.433 -3.265 2.589 49.535
3999.354 0.654 2.563 50.090
4000.275 1.858 2.558 51.855
4001.196 -1.827 2.535 51.786
4002.117 -0.297 2.570 51.495
4003.039 1.328 2.619 53.096
4003.960 -0.085 2.597 52.666
4004.883 2.043 2.539 51.229
4005.805 0.967 2.524 52.273
4006.727 -0.418 2.528 51.655
4007.650 -1.598 2.571 50.689
4008.573 1.580 2.646 49.029
4009.496 8.770 2.720 49.357
4010.420 0.585 2.569 51.660
4011.343 -1.109 2.517 52.801
4012.267 -1.852 2.501 54.143
4013.190 -3.213 2.519 52.817
4014.115 -0.906 2.563 51.962
4015.040 -0.598 2.597 53.510
4015.964 5.873 2.596 52.411
4016.889 0.743 2.532 51.835
4017.814 0.495 2.533 52.987
4018.739 3.083 2.546 51.488
4019.665 1.974 2.540 52.271
4020.590 -0.466 2.529 53.450
4021.516 -1.472 2.526 54.200
4022.442 1.125 2.571 53.068
4023.368 -0.587 2.541 53.030
4024.295 -1.993 2.559 52.885
4025.222 3.828 2.586 52.811
4026.148 -1.972 2.464 53.715
4027.076 -4.705 2.390 52.282
4028.003 2.367 2.471 51.811
4028.931 -0.978 2.464 53.389
4029.859 -1.044 2.495 56.675
4030.787 -4.606 2.438 54.024
4031.714 -3.573 2.422 52.584
4032.643 -0.932 2.436 50.108
4033.572 -0.419 2.411 47.546
4034.501 1.984 2.447 49.079
4035.429 -0.954 2.431 50.108
4036.359 -5.983 2.392 50.602
4037.289 -1.507 2.463 50.332
4038.218 -4.948 2.456 52.519
4039.148 -3.936 2.470 54.300
4040.079 0.352 2.529 55.162
4041.009 -0.631 2.486 54.116
4041.940 0.171 2.478 53.886
4042.871 -1.492 2.488 54.766
4043.801 -2.872 2.478 52.855
4044.733 -1.401 2.451 52.668
4045.664 -0.135 2.462 50.556
4046.596 -4.038 2.330 49.537
4047.527 -3.944 2.287 47.337
4048.459 -4.432 2.297 48.383
4049.392 0.635 2.380 50.936
4050.324 -0.562 2.406 50.364
4051.257 1.476 2.472 51.564
4052.190 1.557 2.510 53.505
4053.124 -2.458 2.469 53.991
4054.057 -2.195 2.381 52.678
4054.990 -3.150 2.389 53.455
4055.924 -3.317 2.327 52.333
4056.858 4.908 2.411 51.857
4057.792 -1.647 2.353 51.317
4058.727 -1.705 2.357 50.088
4059.662 -2.414 2.390 51.366
4060.596 -1.457 2.394 50.611
4061.531 2.202 2.459 49.826
4062.467 0.608 2.451 50.974
4063.402 -0.783 2.423 52.161
4064.337 -1.289 2.403 51.397
4065.274 -2.828 2.326 49.339
4066.210 -0.392 2.324 48.320
4067.146 1.486 2.413 50.231
4068.083 2.039 2.424 50.218
4069.020 7.148 2.470 49.799
4069.957 3.250 2.420 50.812
4070.894 -1.378 2.400 51.949
4071.832 0.751 2.425 51.963
4072.770 2.399 2.477 51.353
4073.707 2.391 2.506 51.808
4074.645 4.748 2.541 51.052
4075.584 3.986 2.535 51.879
4076.522 2.717 2.495 52.118
4077.461 3.601 2.492 51.328
4078.400 -0.193 2.438 52.729
4079.339 0.037 2.401 51.122
4080.279 2.097 2.419 49.856
4081.218 1.628 2.478 53.314
4082.158 0.045 2.450 55.212
4083.098 -1.109 2.482 56.128
4084.038 0.434 2.467 56.002
4084.979 -2.298 2.454 56.075
4085.919 -1.238 2.474 56.093
4086.860 5.928 2.529 54.301
4087.802 -2.162 2.442 55.595
4088.743 -0.975 2.435 56.874
4089.684 2.926 2.488 56.716
4090.626 3.232 2.521 59.265
4091.568 -0.908 2.469 59.403
4092.510 -3.339 2.411 59.084
4093.453 -1.647 2.500 60.181
4094.396 0.327 2.508 58.629
4095.339 -0.948 2.500 58.552
4096.282 -0.282 2.476 57.862
4097.225 -0.312 2.454 58.449
4098.168 -0.228 2.433 58.029
4099.112 -2.407 2.373 57.264
4100.056 -6.751 2.328 57.309
4101.001 -4.687 2.353 57.128
4101.945 0.007 2.362 54.624
4102.890 -4.043 2.300 55.601
4103.834 1.003 2.380 55.766
4104.779 -2.087 2.372 53.406
4105.725 -3.786 2.371 55.614
4106.670 1.230 2.395 54.075
4107.615 -1.544 2.381 55.385
4108.562 -2.720 2.379 56.293
4109.508 -3.499 2.367 56.797
4110.454 0.432 2.403 55.710
4111.400 1.533 2.423 55.699
4112.347 -0.658 2.363 55.130
4113.294 -0.418 2.351 54.813
4114.241 -4.039 2.292 54.729
4115.189 -0.947 2.332 54.864
4116.137 -2.912 2.336 56.373
4117.085 1.429 2.389 55.122
4118.033 2.211 2.379 54.842
4118.980 -2.678 2.308 54.168
4119.930 -2.757 2.274 55.082
4120.878 -0.459 2.319 55.252
4121.827 -2.906 2.295 53.760
4122.776 0.533 2.359 54.598
4123.726 -0.680 2.733 54.349
4124.675 -3.316 2.760 55.364
4125.625 0.115 2.824 54.886
4126.576 -1.442 2.347 55.393
4127.526 -0.543 2.330 55.530
4128.477 -1.076 2.330 53.806
4129.428 -3.127 2.270 53.101
4130.378 -1.142 2.315 54.116
4131.330 1.005 2.301 53.111
4132.281 -1.927 2.256 52.143
4133.232 -2.746 2.214 52.129
4134.185 0.332 2.206 49.956
4135.136 2.070 2.271 51.733
4136.088 0.182 2.274 49.716
4137.041 2.284 2.309 50.733
4137.994 0.421 2.295 52.394
4138.947 0.714 2.311 53.885
4139.899 0.053 2.306 54.184
4140.853 -2.266 2.334 54.168
4141.807 -0.295 2.320 53.119
4142.760 -0.158 2.378 52.931
4143.714 -1.205 2.347 52.503
4144.669 -2.018 2.313 51.857
4145.623 -4.131 2.281 50.835
4146.578 -0.186 2.353 50.450
4147.533 -1.812 2.390 51.356
4148.488 -3.561 2.328 51.501
4149.443 -3.014 2.272 51.318
4150.398 2.549 2.278 49.866
4151.354 2.668 2.301 52.816
4152.311 -1.215 2.283 53.180
4153.267 -4.913 2.239 52.132
4154.223 -2.923 2.287 51.910
4155.180 2.406 2.290 49.417
4156.137 -0.429 2.257 50.526
4157.093 -1.409 2.256 51.848
4158.051 2.482 2.231 49.033
4159.008 -0.791 2.240 52.608
4159.966 -3.941 2.220 53.423
4160.924 -1.345 2.250 50.546
4161.882 -1.171 2.275 53.161
4162.841 -1.498 2.276 53.739
4163.800 0.376 2.305 54.243
4164.758 4.120 2.290 52.186
4165.718 -0.002 2.273 52.578
4166.677 1.065 2.344 54.709
4167.636 -2.171 2.312 53.494
4168.596 -1.950 2.275 52.860
4169.556 -2.293 2.208 50.718
4170.517 -3.316 2.214 50.962
4171.477 -1.475 2.266 51.074
4172.437 -1.235 2.299 50.946
4173.398 -5.485 2.234 51.833
4174.359 -3.345 2.241 50.361
4175.321 -3.279 2.202 49.640
4176.282 -5.516 2.151 49.541
4177.244 -2.194 2.157 49.744
4178.206 0.323 2.178 49.866
4179.167 3.773 2.227 49.143
4180.130 -1.794 2.229 50.153
4181.093 -7.754 2.271 50.422
4182.056 -2.259 2.477 49.872
4183.019 -1.325 2.583 51.868
4183.982 -4.992 2.461 51.419
4184.945 -3.826 2.387 50.734
4185.910 -1.950 2.340 51.007
4186.873 0.928 2.337 50.096
4187.837 0.108 2.278 50.731
4188.802 -2.822 2.241 51.376
4189.767 -0.681 2.220 49.677
4190.731 -2.352 2.233 50.476
4191.696 -1.155 2.223 50.715
4192.662 -2.868 2.204 51.482
4193.627 -5.617 2.220 52.335
4194.593 -3.513 2.230 51.476
4195.559 0.688 2.316 52.541
4196.525 0.342 2.275 52.188
4197.491 -8.290 2.272 51.912
4198.458 -3.194 2.287 51.010
4199.425 4.455 2.297 49.159
4200.392 -1.602 2.247 49.879
4201.359 -1.586 2.252 50.270
4202.327 0.765 2.297 50.278
4203.295 -3.043 2.358 50.473
4204.263 0.914 2.427 50.417
4205.230 1.881 2.332 49.936
4206.199 0.164 2.257 50.571
4207.168 0.703 2.255 50.209
4208.136 -3.824 2.185 51.212
4209.105 2.102 2.247 52.179
4210.075 2.398 2.251 51.519
4211.043 -2.400 2.208 53.017
4212.014 0.376 2.220 51.312
4212.983 1.752 2.285 52.536
4213.954 5.340 2.307 52.303
4214.925 -2.136 2.244 52.726
4215.895 0.827 2.240 52.589
4216.866 -3.143 2.181 51.871
4217.837 -3.413 2.183 51.961
4218.809 -1.666 2.202 52.198
4219.780 -2.894 2.223 53.466
4220.751 -1.154 2.200 52.933
4221.724 -0.764 2.218 53.207
4222.696 0.317 2.204 52.332
4223.668 -0.532 2.153 52.540
4224.641 -2.641 2.156 51.663
4225.614 -5.801 2.126 51.090
4226.587 -3.447 2.100 48.100
4227.560 1.060 2.095 45.082
4228.534 -1.078 2.033 44.273
4229.507 -1.763 2.068 45.156
4230.481 4.949 2.185 46.482
4231.456 -5.676 2.152 50.344
4232.430 -1.492 2.211 52.097
4233.405 1.853 2.236 52.238
4234.379 -5.191 2.174 53.599
4235.355 -2.422 2.199 51.696
4236.331 2.542 2.242 51.484
4237.306 -0.640 2.222 52.088
4238.282 -1.123 2.184 50.064
4239.258 2.091 2.168 49.409
4240.234 -0.175 2.150 50.369
4241.210 -1.725 2.161 50.858
4242.187 -1.421 2.235 53.383
4243.164 0.091 2.269 53.395
4244.141 0.338 2.254 53.560
4245.118 0.741 2.242 54.478
4246.096 -0.088 2.209 54.858
4247.074 -2.024 2.210 55.931
4248.052 -0.009 2.206 54.999
4249.030 -1.750 2.196 53.875
4250.009 -3.826 2.160 51.956
4250.987 -3.372 2.177 52.614
4251.966 -2.367 2.174 51.755
4252.945 -2.520 2.128 49.787
4253.925 0.182 2.192 51.272
4254.905 4.495 2.219 50.331
4255.884 -3.594 2.096 50.248
4256.865 -1.811 2.129 51.921
4257.845 -2.905 2.118 51.469
4258.825 2.201 2.194 51.277
4259.806 2.414 2.180 51.370
4260.787 0.234 2.155 50.833
4261.768 -2.389 2.075 50.096
4262.750 -3.498 2.073 50.102
4263.731 -0.152 2.115 51.538
4264.713 2.049 2.145 51.240
4265.695 -2.123 2.124 51.807
4266.677 2.033 2.265 55.343
4267.660 2.134 2.278 55.259
4268.643 -3.086 2.201 55.550
4269.625 -1.385 2.157 53.004
4270.608 1.134 2.181 51.328
4271.592 0.057 2.163 51.361
4272.576 -1.692 2.089 48.025
4273.560 -1.839 2.073 47.761
4274.544 -0.348 2.067 47.160
4275.528 1.138 2.053 46.904
4276.513 -0.727 2.025 48.210
4277.498 -1.987 2.027 49.452
4278.483 2.592 2.152 51.349
4279.468 1.262 2.144 52.236
4280.454 -4.087 2.120 53.582
4281.439 -2.778 2.156 53.297
4282.426 -2.333 2.130 52.296
4283.412 0.158 2.144 52.780
4284.398 -2.393 2.092 52.384
4285.384 2.421 2.145 51.899
4286.371 1.416 2.164 50.978
4287.358 -0.195 2.119 50.454
4288.346 1.894 2.123 50.448
4289.333 -0.066 2.082 51.311
4290.321 -0.897 2.070 50.167
4291.310 1.261 2.068 48.387
4292.297 -1.194 2.042 48.232
4293.286 -0.449 2.103 50.042
4294.274 -0.135 2.112 50.199
4295.264 2.852 2.110 49.780
4296.252 0.073 2.077 51.523
4297.242 -0.147 2.051 50.190
4298.232 -4.220 2.011 49.663
4299.222 -4.691 1.943 49.081
4300.211 -2.046 1.959 48.782
4301.202 1.332 1.967 46.389
4302.192 -0.206 1.940 44.287
4303.183 0.359 1.970 43.537
4304.174 1.746 2.007 43.831
4305.165 -2.111 1.988 44.966
4306.156 -0.951 1.990 45.149
4307.148 0.112 1.997 44.220
4308.140 1.302 2.000 43.907
4309.132 2.943 2.028 44.037
4310.125 4.478 2.012 42.885
4311.117 0.432 1.966 42.735
4312.110 -3.082 1.971 44.484
4313.103 1.618 2.075 47.086
4314.096 4.595 2.144 47.932
4315.090 4.715 2.186 48.994
4316.083 3.512 2.234 52.887
4317.077 3.970 2.246 55.030
4318.071 4.781 2.272 56.925
4319.065 7.264 2.306 57.918
4320.060 7.263 2.310 58.238
4321.055 3.426 2.278 60.421
4322.050 7.347 2.296 59.328
4323.045 4.369 2.218 57.327
4324.041 3.697 2.199 55.919
4325.037 5.947 2.239 55.112
4326.033 5.944 2.221 53.181
4327.029 4.296 2.193 51.256
4328.026 4.151 2.205 52.353
4329.022 2.796 2.265 54.066
4330.019 2.334 2.309 56.690
4331.016 3.339 2.327 59.539
4332.013 6.877 2.345 60.172
4333.011 7.366 2.326 60.274
4334.009 2.265 2.290 61.589
4335.007 3.015 2.367 63.718
4336.005 4.359 2.464 63.457
4337.004 6.277 2.471 62.522
4338.002 1.539 2.372 61.506
4339.002 3.047 2.394 61.168
4340.001 5.855 2.402 59.928
4341.000 4.863 2.359 58.793
4342.000 10.848 2.378 56.333
4343.000 12.159 2.398 55.493
4344.000 8.138 2.362 56.461
4345.000 5.560 2.321 55.985
4346.000 1.135 2.282 58.693
4347.001 0.891 2.331 60.244
4348.003 3.956 2.420 61.490
4349.004 6.201 2.723 60.128
4350.005 1.482 2.594 60.851
4351.007 4.675 2.392 59.944
4352.009 5.206 2.348 58.483
4353.012 6.140 2.328 57.679
4354.014 7.268 2.330 55.631
4355.016 1.666 2.309 56.039
4356.019 7.681 2.366 56.330
4357.022 8.007 2.324 56.882
4358.026 9.549 2.310 56.398
4359.029 11.518 2.373 55.959
4360.033 7.575 2.385 57.184
4361.038 8.993 2.409 57.413
4362.042 10.166 2.398 58.644
4363.046 10.661 2.382 58.846
4364.051 16.325 2.448 59.040
4365.056 12.669 2.408 59.209
4366.061 11.407 2.402 60.403
4367.066 6.941 2.353 59.522
4368.072 7.766 2.348 59.616
4369.078 6.891 2.342 60.209
4370.084 4.134 2.255 57.166
4371.091 5.727 2.243 56.706
4372.098 5.436 2.221 55.978
4373.104 4.006 2.227 56.399
4374.111 3.151 2.227 57.012
4375.118 4.985 2.206 55.364
4376.125 2.739 2.180 54.474
4377.133 4.162 2.170 53.924
4378.141 7.150 2.186 53.817
4379.150 0.139 2.118 55.802
4380.159 4.257 2.166 55.843
4381.167 4.094 2.154 54.747
4382.176 2.482 2.157 54.967
4383.186 0.647 2.159 55.027
4384.195 -0.643 2.095 51.483
4385.204 6.406 2.091 48.309
4386.214 1.886 2.035 49.544
4387.224 -1.034 1.975 49.148
4388.234 -2.461 1.979 51.019
4389.245 2.676 2.062 51.573
4390.255 3.236 2.067 51.923
4391.267 0.577 2.069 53.598
4392.278 3.009 2.089 54.195
4393.289 3.745 2.126 54.692
4394.301 0.011 2.115 55.379
4395.313 -1.275 2.112 55.929
4396.325 -0.176 2.140 56.150
4397.337 1.744 2.171 56.501
4398.350 2.697 2.134 56.306
4399.363 1.875 2.134 56.936
4400.376 2.720 2.127 56.643
4401.390 0.266 2.123 57.090
4402.403 1.614 2.140 56.051
4403.417 2.205 2.153 56.406
4404.431 0.527 2.136 55.100
4405.445 -2.316 2.089 53.466
4406.460 -2.348 2.023 52.710
4407.474 1.795 2.049 52.425
4408.490 2.120 2.058 51.812
4409.504 -1.397 2.050 52.503
4410.521 -0.764 2.086 54.531
4411.536 0.336 2.098 54.532
4412.551 -0.149 2.093 56.800
4413.568 1.381 2.120 57.790
4414.584 -0.054 2.132 58.402
4415.601 1.487 2.106 57.165
4416.618 -0.591 2.069 56.831
4417.635 -1.476 2.060 57.477
4418.652 0.873 2.067 56.531
4419.670 -5.968 2.027 57.657
4420.688 -3.881 2.071 58.793
4421.705 4.247 2.177 59.101
4422.724 2.902 2.180 59.221
4423.742 -0.022 2.149 57.440
4424.761 -0.882 2.126 57.887
4425.780 0.441 2.129 58.271
4426.799 2.063 2.117 56.979
4427.818 -3.459 2.057 57.837
4428.838 -4.853 2.053 57.704
4429.858 -1.057 2.138 58.829
4430.878 -2.779 2.130 59.447
4431.898 -2.042 2.082 57.410
4432.919 -1.823 2.134 59.173
4433.940 -3.190 2.130 58.457
4434.961 -0.854 2.091 57.071
4435.982 -3.599 2.077 56.653
4437.003 -2.056 2.085 56.693
4438.025 -0.673 2.099 57.745
4439.048 -0.582 2.082 57.937
4440.070 -1.539 2.070 58.340
4441.093 1.297 2.137 59.029
4442.115 1.244 2.157 59.183
4443.138 -4.372 2.134 60.036
4444.162 -3.668 2.115 59.859
4445.185 -2.658 2.084 57.741
4446.208 1.769 2.122 58.424
4447.232 4.420 2.169 58.522
4448.256 1.688 2.198 60.352
4449.281 -1.656 2.185 60.921
4450.305 2.716 2.208 60.091
4451.330 3.895 2.203 60.735
4452.355 0.476 2.109 60.029
4453.380 0.318 2.118 58.898
4454.406 -0.506 2.143 59.457
4455.432 0.268 2.182 58.167
4456.458 1.774 2.196 56.739
4457.484 -1.132 2.084 55.676
4458.511 -1.533 2.038 54.355
4459.538 0.669 2.067 53.987
4460.564 -2.292 2.062 55.347
4461.591 -3.881 2.036 55.804
4462.619 -1.840 2.039 55.849
4463.646 -4.018 2.012 56.576
4464.675 -3.985 2.003 56.706
4465.703 0.627 2.046 57.289
4466.731 -0.576 2.042 58.403
4467.760 -1.150 2.031 59.179
4468.788 -3.338 2.002 59.068
4469.818 -3.594 2.021 60.205
4470.847 -3.786 2.032 60.245
4471.876 -2.128 2.070 58.585
4472.906 3.533 2.092 57.709
4473.937 0.951 2.116 59.865
4474.967 0.616 2.115 61.147
4475.997 -1.131 2.111 61.859
4477.028 -1.032 2.121 62.078
4478.059 0.601 2.144 63.364
4479.090 -0.213 2.168 63.700
4480.122 1.758 2.182 63.766
4481.153 1.376 2.219 63.171
4482.185 -0.467 2.199 61.505
4483.217 -2.854 2.136 60.054
4484.250 -1.779 2.096 59.874
4485.283 -1.774 2.064 61.221
4486.315 2.679 2.134 62.364
4487.349 -0.067 2.124 63.044
4488.382 3.708 2.182 63.135
4489.416 2.096 2.150 62.497
4490.450 3.661 2.145 60.861
4491.484 1.519 2.102 61.232
4492.518 -0.555 2.078 61.165
4493.552 1.273 2.113 60.058
4494.587 -0.750 2.120 60.553
4495.622 1.786 2.184 59.793
4496.657 1.666 2.169 59.859
4497.693 -1.901 2.103 60.612
4498.729 3.331 2.133 60.182
4499.765 -0.780 2.141 62.406
4500.801 1.272 2.198 62.562
4501.837 3.227 2.293 61.636
4502.874 3.230 2.344 62.868
4503.911 3.321 2.304 63.313
4504.948 1.231 2.248 64.250
4505.985 0.913 2.255 64.840
4507.023 4.279 2.324 64.600
4508.061 3.066 2.322 65.612
4509.100 5.290 2.277 64.449
4510.138 -0.614 2.190 64.130
4511.177 1.358 2.233 65.428
4512.215 3.092 2.281 63.552
4513.254 1.416 2.297 64.572
4514.293 -0.764 2.258 64.740
4515.333 -0.823 2.214 63.075
4516.373 1.907 2.210 62.395
4517.414 1.594 2.227 62.490
4518.454 0.626 2.244 62.162
4519.494 -2.018 2.249 63.167
4520.535 0.294 2.290 64.613
4521.576 2.230 2.281 64.204
4522.617 -2.243 2.210 65.117
4523.658 0.723 2.221 63.446
4524.700 -4.770 2.128 63.794
4525.743 2.935 2.183 62.762
4526.784 -0.869 2.086 60.306
4527.827 0.476 2.104 59.373
4528.870 2.771 2.108 58.188
4529.913 -2.900 2.063 58.593
4530.956 -0.929 2.037 57.238
4531.999 4.568 2.097 56.748
4533.042 0.276 2.065 58.606
4534.086 -1.723 2.094 59.843
4535.131 4.347 2.168 58.319
4536.175 3.557 2.121 57.175
4537.220 -0.774 2.085 58.449
4538.264 4.237 2.123 59.343
4539.310 6.016 2.169 60.259
4540.355 2.542 2.153 62.334
4541.401 2.199 2.204 63.219
4542.446 1.231 2.182 62.959
4543.493 5.551 2.187 61.556
4544.539 3.973 2.140 62.125
4545.585 -1.371 2.100 63.050
4546.632 2.604 2.139 61.225
4547.679 -2.096 2.100 61.395
4548.727 1.100 2.153 62.497
4549.774 3.215 2.133 61.202
4550.821 -0.168 2.059 60.953
4551.870 2.356 2.087 61.225
4552.918 2.006 2.080 60.660
4553.966 1.431 2.059 61.501
4555.015 -1.053 2.050 61.471
4556.064 -0.829 2.071 61.537
4557.113 3.553 2.120 60.549
4558.163 0.651 2.072 62.062
4559.212 -0.864 2.108 64.007
4560.262 2.253 2.132 62.689
4561.312 -0.167 2.154 64.464
4562.363 1.943 2.196 66.569
4563.413 5.344 2.214 64.556
4564.464 1.149 2.169 65.727
4565.515 1.313 2.139 64.318
4566.567 2.892 2.154 62.165
4567.618 6.082 2.215 63.371
4568.670 -0.389 2.137 62.947
4569.722 2.991 2.150 62.877
4570.775 0.814 2.108 64.109
4571.827 2.209 2.107 64.510
4572.880 2.104 2.120 63.785
4573.933 0.289 2.138 65.619
4574.987 2.122 2.131 64.908
4576.040 5.562 2.162 64.054
4577.094 2.726 2.126 64.321
4578.147 1.966 2.101 64.433
4579.202 3.484 2.113 63.361
4580.256 1.509 2.093 63.193
4581.312 1.347 2.088 63.090
4582.366 -1.150 2.055 62.405
4583.421 -0.679 2.068 62.923
4584.477 0.957 2.092 63.194
4585.533 1.507 2.104 63.126
4586.589 1.000 2.101 61.933
4587.645 -0.607 2.104 62.667
4588.701 2.753 2.162 63.340
4589.758 1.501 2.152 63.859
4590.815 -0.049 2.105 64.748
4591.873 1.009 2.114 65.294
4592.930 -1.090 2.084 63.941
4593.987 0.594 2.079 61.769
4595.045 3.319 2.099 62.035
4596.104 -0.408 2.069 62.914
4597.162 1.798 2.101 62.456
4598.220 0.912 2.095 62.624
4599.279 -1.281 2.105 62.783
4600.339 3.526 2.117 61.856
4601.398 1.438 2.101 63.657
4602.458 -1.308 2.060 63.502
4603.518 1.468 2.071 62.759
4604.577 1.815 2.083 63.760
4605.638 2.478 2.088 63.659
4606.699 2.586 2.081 62.895
4607.760 3.397 2.081 62.978
4608.821 3.054 2.126 64.542
4609.882 3.802 2.157 64.675
4610.943 0.137 2.154 66.997
4612.005 1.380 2.122 65.911
4613.068 0.965 2.084 65.543
4614.129 -0.553 2.091 66.898
4615.192 1.218 2.142 65.733
4616.255 -0.171 2.130 65.498
4617.318 2.851 2.136 66.173
4618.381 -0.069 2.117 65.970
4619.445 -0.352 2.087 65.706
4620.509 -3.197 2.054 66.410
4621.573 1.150 2.139 66.284
4622.637 1.757 2.161 67.138
4623.702 0.724 2.138 67.605
4624.766 0.322 2.107 66.485
4625.832 0.971 2.089 65.403
4626.897 1.447 2.115 66.358
4627.962 1.412 2.138 65.822
4629.028 1.495 2.151 65.349
4630.094 3.081 2.168 65.891
4631.161 0.121 2.133 66.635
4632.227 -0.972 2.076 65.026
4633.293 7.672 2.195 64.803
4634.360 5.121 2.223 65.667
4635.428 4.329 2.184 65.547
4636.496 1.801 2.124 65.247
4637.562 0.893 2.102 64.444
4638.631 -0.522 2.096 64.014
4639.699 2.466 2.108 63.108
4640.768 -0.007 2.068 62.900
4641.836 -0.412 2.121 62.111
4642.905 1.091 2.180 62.903
4643.974 2.233 2.174 63.395
4645.044 0.364 2.104 63.404
4646.114 -1.059 2.063 63.366
4647.183 0.708 2.092 61.947
4648.253 1.306 2.106 60.974
4649.324 -4.804 2.069 62.178
4650.395 0.571 2.100 61.055
4651.465 4.964 2.160 60.434
4652.537 2.346 2.163 63.151
4653.608 1.733 2.145 62.846
4654.680 -1.409 2.103 63.802
4655.752 -0.509 2.093 64.608
4656.824 1.683 2.109 63.674
4657.896 1.773 2.169 63.828
4658.969 1.156 2.220 64.253
4660.042 2.537 2.234 64.851
4661.114 0.890 2.179 65.426
4662.188 1.986 2.176 65.206
4663.262 1.310 2.193 66.440
4664.335 2.254 2.185 65.357
4665.410 3.097 2.085 63.334
4666.484 1.154 2.039 63.479
4667.559 -1.428 1.964 61.514
4668.634 -2.592 1.927 59.970
4669.708 -2.393 1.924 59.306
4670.784 -2.315 1.933 59.290
4671.860 -0.534 1.958 60.175
4672.936 -0.591 1.996 62.044
4674.012 0.494 2.000 62.279
4675.088 -0.120 2.021 63.555
4676.165 2.222 2.071 63.337
4677.242 0.745 2.082 63.485
4678.319 -2.181 2.071 65.150
4679.396 2.905 2.089 63.473
4680.474 0.966 2.034 63.563
4681.551 1.945 2.039 62.913
4682.629 3.177 2.039 62.534
4683.708 -0.117 2.015 63.047
4684.787 5.939 2.086 62.326
4685.865 6.202 2.095 62.892
4686.944 2.819 2.049 63.788
4688.023 6.281 2.085 63.508
4689.104 1.753 2.027 64.230
4690.184 -1.009 1.994 64.637
4691.264 1.203 2.029 63.630
4692.344 0.337 2.047 64.914
4693.424 1.784 2.058 65.093
4694.505 -3.719 1.974 64.136
4695.586 -2.464 1.973 64.727
4696.667 -2.397 1.973 65.343
4697.749 -0.841 2.006 64.221
4698.831 -0.814 1.995 62.666
4699.913 -2.371 1.991 63.953
4700.995 -3.028 1.928 63.020
4702.078 -0.917 1.936 63.495
4703.161 -5.644 1.872 63.433
4704.244 -0.059 1.915 60.087
4705.327 0.369 1.959 61.140
4706.411 -0.289 1.961 61.247
4707.495 -1.107 1.947 61.243
4708.578 1.172 1.960 62.284
4709.663 2.053 1.968 60.779
4710.747 0.550 1.932 61.761
4711.832 -0.997 1.958 62.464
4712.917 0.531 1.963 62.015
4714.002 1.030 1.987 63.786
4715.088 -2.167 1.953 64.079
4716.174 -1.744 1.940 62.535
4717.260 0.196 2.001 63.658
4718.346 0.967 2.015 64.047
4719.433 -0.957 2.016 65.044
4720.520 0.723 1.982 65.646
4721.606 -0.384 1.967 65.949
4722.694 1.785 2.004 68.517
4723.782 0.960 2.007 66.909
4724.870 -1.789 1.958 66.391
4725.957 -1.757 1.959 66.220
4727.046 0.111 1.976 66.219
4728.134 0.284 1.989 65.589
4729.223 3.027 2.024 63.768
4730.312 -4.128 1.957 64.297
4731.402 1.272 1.978 63.593
4732.491 -3.979 1.891 62.672
4733.581 -3.621 1.905 63.124
4734.671 1.088 1.994 63.010
4735.762 -0.615 1.994 63.923
4736.853 -0.860 1.969 64.560
4737.942 -3.237 1.934 64.177
4739.034 2.729 1.992 64.436
4740.125 -0.316 1.996 64.440
4741.216 -1.071 2.045 65.590
4742.309 2.235 2.149 65.366
4743.401 5.176 2.116 64.422
4744.493 0.215 2.023 65.918
4745.585 -1.344 1.976 66.594
4746.679 0.415 1.999 66.520
4747.771 -2.266 1.961 66.683
4748.865 -2.505 1.966 66.247
4749.958 -0.350 1.978 66.329
4751.052 -1.152 2.012 66.602
4752.147 -2.159 2.034 68.689
4753.241 1.029 2.057 66.843
4754.335 -1.010 1.987 65.276
4755.431 -1.853 1.941 65.935
4756.525 -2.189 1.905 64.390
4757.621 -4.696 1.859 64.049
4758.716 -1.666 1.957 65.739
4759.812 1.245 1.992 65.844
4760.908 0.706 1.998 63.843
4762.004 1.998 2.026 64.918
4763.101 -3.250 1.943 65.928
4764.198 -3.893 1.906 65.370
4765.295 -5.455 1.858 63.429
4766.393 -1.238 1.901 63.233
4767.490 -4.043 1.867 63.460
4768.587 -4.460 1.853 63.232
4769.686 -3.186 1.877 62.794
4770.785 -1.291 1.966 64.746
4771.883 1.636 2.017 64.136
4772.982 -1.048 1.974 64.161
4774.081 -2.772 1.987 66.218
4775.181 0.965 2.018 65.507
4776.280 -0.946 1.974 64.723
4777.380 1.367 2.028 66.693
4778.480 -0.727 2.033 68.505
4779.581 -3.005 1.999 66.914
4780.681 2.063 2.063 66.916
4781.783 0.805 2.046 67.061
4782.884 -0.520 2.017 65.206
4783.985 0.285 2.019 65.173
4785.087 -1.670 1.981 65.417
4786.188 -2.150 2.109 65.080
4787.291 -0.515 2.207 65.073
4788.393 -1.247 2.161 63.180
4789.497 0.340 2.194 64.765
4790.599 3.958 2.235 64.694
4791.702 -0.738 2.291 64.407
4792.806 -0.652 2.336 64.781
4793.910 1.642 2.270 65.995
4795.013 0.725 2.306 67.642
4796.118 1.596 2.385 68.612
4797.222 2.303 2.392 67.498
4798.327 4.527 2.393 66.352
4799.432 0.454 1.969 66.906
4800.537 -5.022 1.902 67.243
4801.642 -1.780 1.937 67.440
4802.748 1.701 1.948 65.992
4803.854 -3.178 1.913 67.138
4804.960 -0.187 1.938 67.840
4806.067 2.050 1.974 67.363
4807.174 -2.357 1.911 66.260
4808.281 -1.714 1.929 67.789
4809.388 -0.521 1.946 65.845
4810.496 1.167 1.958 65.528
4811.604 0.436 1.960 67.473
4812.711 -0.075 1.920 65.199
4813.819 2.745 1.982 66.176
4814.928 1.071 1.986 67.307
4816.037 3.433 2.017 66.944
4817.146 4.720 2.038 66.775
4818.255 6.613 2.057 67.885
4819.365 6.619 2.062 68.620
4820.475 4.309 2.021 67.594
4821.585 3.710 2.008 67.015
4822.695 3.416 2.011 67.536
4823.805 6.356 2.056 67.404
4824.916 3.168 2.029 67.256
4826.028 4.389 2.022 66.363
4827.139 6.513 2.036 66.566
4828.250 6.668 2.036 66.995
4829.363 5.294 2.025 66.724
4830.475 2.875 2.009 67.462
4831.587 7.068 2.027 66.235
4832.700 7.873 2.040 66.122
4833.812 6.217 2.006 66.602
4834.926 7.356 2.045 66.734
4836.039 7.551 2.041 66.250
4837.152 10.122 2.069 66.448
4838.267 10.257 2.061 66.244
4839.381 8.121 2.077 67.592
4840.496 9.398 2.083 67.788
4841.610 10.001 2.086 66.198
4842.725 7.203 2.057 66.289
4843.840 11.422 2.080 65.172
4844.956 12.426 2.138 66.866
4846.071 11.009 2.124 67.072
4847.188 11.696 2.113 67.185
4848.304 11.818 2.134 68.477
4849.420 15.916 2.162 67.056
4850.537 14.838 2.186 68.038
4851.653 15.866 2.220 67.767
4852.771 18.490 2.258 66.461
4853.889 15.597 2.219 68.656
4855.006 14.215 2.170 67.860
4856.125 16.355 2.193 66.808
4857.243 15.354 2.199 66.818
4858.361 14.795 2.203 66.182
4859.480 21.710 2.256 65.449
4860.599 20.251 2.210 64.969
4861.718 26.362 2.300 64.841
4862.838 32.545 2.370 63.190
4863.958 34.956 2.381 61.468
4865.078 31.034 2.297 60.807
4866.198 22.091 2.211 62.006
4867.319 17.645 2.146 62.616
4868.440 16.196 2.110 63.617
4869.561 13.399 2.090 64.131
4870.683 17.611 2.143 64.901
4871.804 13.098 2.101 64.303
4872.926 15.440 2.131 64.638
4874.048 13.014 2.083 63.567
4875.170 15.402 2.087 62.768
4876.293 14.598 2.125 64.361
4877.417 15.440 2.157 63.647
4878.539 12.718 2.154 63.797
4879.663 16.148 2.207 65.169
4880.787 16.231 2.216 66.420
4881.910 16.103 2.206 66.265
4883.034 15.514 2.166 65.676
4884.159 13.382 2.123 64.574
4885.284 14.174 2.137 64.228
4886.409 13.452 2.154 63.906
4887.534 10.620 2.127 63.993
4888.660 9.968 2.099 64.139
4889.786 11.136 2.063 62.469
4890.911 13.203 2.062 63.166
4892.038 6.747 2.012 64.029
4893.165 6.438 1.997 63.466
4894.291 9.283 2.035 63.363
4895.418 7.848 2.078 65.680
4896.545 11.767 2.136 66.691
4897.673 12.055 2.147 67.288
4898.801 9.395 2.119 69.196
4899.929 8.574 2.088 68.160
4901.058 5.946 2.056 68.086
4902.186 5.129 2.027 66.471
4903.315 9.071 2.059 66.240
4904.444 7.330 2.035 65.902
4905.574 6.840 2.015 65.683
4906.704 6.856 2.027 65.955
4907.833 6.675 2.028 65.869
4908.964 7.431 2.048 67.088
4910.094 2.062 1.995 66.581
4911.225 8.269 2.046 65.995
4912.355 8.017 2.013 64.724
4913.487 5.590 1.979 64.635
4914.618 6.262 1.967 65.181
4915.750 5.710 1.983 66.064
4916.882 4.002 1.966 65.769
4918.015 6.783 1.982 65.327
4919.147 4.239 1.950 65.064
4920.280 1.609 1.909 63.896
4921.413 0.699 1.898 62.179
4922.546 0.461 1.886 61.498
4923.680 4.249 1.913 61.374
4924.813 5.598 1.915 60.797
4925.947 2.944 1.906 62.532
4927.082 4.052 1.939 64.263
4928.217 7.203 1.998 65.033
4929.352 4.818 2.011 66.146
4930.487 3.125 1.993 66.335
4931.623 4.198 1.985 67.098
4932.758 5.949 2.009 67.790
4933.894 3.617 1.984 67.960
4935.030 2.800 1.972 66.426
4936.167 3.934 1.968 65.023
4937.303 2.701 1.951 65.074
4938.440 5.990 1.959 63.994
4939.578 2.685 1.902 62.010
4940.715 3.388 1.916 60.985
4941.853 3.689 1.929 62.791
4942.991 0.009 1.899 64.444
4944.129 1.377 1.924 65.209
4945.268 2.864 1.956 66.450
4946.406 3.129 1.981 68.070
4947.545 3.297 1.988 68.106
4948.685 1.387 1.967 68.242
4949.825 3.870 1.979 67.750
4950.964 0.667 1.958 68.547
4952.104 1.608 1.960 68.089
4953.245 2.463 1.990 67.639
4954.385 4.046 2.039 68.605
4955.527 5.297 2.032 67.421
4956.667 7.822 2.072 66.563
4957.810 17.655 2.171 65.182
4958.951 29.602 2.331 64.100
4960.093 49.751 2.589 63.673
4961.235 60.094 2.732 63.815
4962.377 49.400 2.621 64.175
4963.520 27.867 2.316 65.437
4964.664 11.378 2.084 65.178
4965.806 6.369 1.977 65.208
4966.951 3.965 1.941 65.305
4968.094 1.355 1.879 64.756
4969.238 1.177 1.865 64.331
4970.383 1.756 1.874 63.577
4971.527 2.091 1.903 64.210
4972.672 5.839 1.961 64.819
4973.817 2.972 1.963 64.689
4974.962 -0.285 1.932 66.096
4976.108 2.727 1.967 65.999
4977.254 1.771 1.919 64.587
4978.400 2.382 1.936 65.760
4979.547 3.138 1.915 64.931
4980.693 -1.381 1.859 64.532
4981.841 -3.130 1.824 64.068
4982.988 -0.905 1.818 62.374
4984.135 1.196 1.837 61.725
4985.283 -1.634 1.800 61.533
4986.431 -0.123 1.805 61.032
4987.580 0.679 2.059 62.721
4988.728 0.735 2.103 62.880
4989.876 3.978 1.914 63.107
4991.026 1.268 1.920 65.088
4992.175 -0.443 1.927 65.109
4993.325 -0.952 1.898 64.214
4994.475 0.810 1.895 65.561
4995.625 -0.665 1.864 65.684
4996.775 1.402 1.854 64.432
4997.926 -1.263 1.834 65.011
4999.077 3.807 1.900 64.493
5000.228 4.772 1.936 64.704
5001.379 5.694 2.035 64.658
5002.532 9.678 2.061 62.721
5003.683 19.115 2.136 62.321
5004.835 34.998 2.356 62.005
5005.988 58.197 2.731 61.653
5007.141 96.829 3.350 64.091
5008.294 160.137 4.216 62.693
5009.447 177.573 4.483 62.374
5010.601 128.659 3.706 63.390
5011.754 59.709 2.760 62.871
5012.909 23.014 2.189 62.515
5014.063 12.350 1.994 60.784
5015.218 5.366 1.901 62.030
5016.373 4.670 1.881 61.430
5017.528 2.011 1.831 59.290
5018.683 -0.346 1.796 59.647
5019.839 -1.196 1.800 62.145
5020.995 -4.942 1.776 62.453
5022.151 -1.204 1.789 62.041
5023.308 -1.321 1.797 62.205
5024.465 0.600 1.819 62.218
5025.622 1.421 1.856 62.628
5026.779 2.915 1.872 62.332
5027.937 -1.431 1.838 63.687
5029.094 -1.515 1.851 63.471
5030.252 5.795 1.958 63.532
5031.412 2.709 2.242 63.570
5032.570 1.309 2.680 63.891
5033.729 4.798 2.721 64.724
5034.888 3.770 2.008 63.856
5036.047 -2.491 1.911 65.011
5037.208 -0.321 1.840 63.803
5038.367 -1.641 1.822 64.020
5039.528 -2.459 1.792 63.005
5040.688 3.377 1.828 60.873
5041.849 -0.600 1.769 60.021
5043.009 -1.476 1.750 59.984
5044.171 -2.093 1.774 61.419
5045.333 1.372 1.811 61.409
5046.495 0.490 1.842 63.355
5047.657 -0.067 1.845 64.046
5048.819 4.060 1.898 64.126
5049.981 1.086 1.869 64.318
5051.145 -1.206 1.809 64.442
5052.308 -0.110 1.829 63.993
5053.471 -1.925 1.783 63.384
5054.635 -1.767 1.828 64.957
5055.799 0.983 1.865 64.021
5056.963 -0.481 1.844 64.048
5058.128 -1.039 1.843 65.771
5059.292 1.732 1.874 66.115
5060.458 0.545 1.884 66.618
5061.624 1.249 1.914 67.311
5062.789 2.781 1.932 66.068
5063.955 -0.934 1.902 66.504
5065.121 -3.043 1.882 67.173
5066.287 -2.827 1.851 65.660
5067.454 -0.559 1.822 64.069
5068.621 0.061 1.819 63.044
5069.788 -2.078 1.820 63.391
5070.956 -0.856 1.849 63.915
5072.124 -1.047 1.864 64.607
5073.291 -0.863 1.833 63.397
5074.460 0.198 1.833 62.435
5075.628 -1.275 1.852 63.872
5076.797 0.243 1.901 64.481
5077.966 0.141 1.859 62.724
5079.136 -1.970 1.805 63.258
5080.306 -2.567 1.781 62.547
5081.475 -2.670 1.750 61.020
5082.646 -0.894 1.769 61.109
5083.815 -2.580 1.753 61.159
5084.986 -3.087 1.778 62.142
5086.158 -1.476 1.822 62.724
5087.329 -0.817 1.864 63.049
5088.500 -1.643 1.851 63.726
5089.672 0.750 1.856 63.760
5090.844 0.779 1.853 64.086
5092.017 0.257 1.869 65.581
5093.189 -1.886 1.846 65.055
5094.362 -0.316 1.825 64.797
5095.535 -1.882 1.840 65.424
5096.709 0.769 1.854 65.012
5097.882 0.954 1.872 64.810
5099.057 -2.072 1.850 65.702
5100.230 -1.679 1.794 61.682
5101.405 -3.199 1.764 61.425
5102.580 -3.214 1.797 62.849
5103.755 -1.137 1.806 63.472
5104.930 -0.200 1.825 63.284
5106.106 -1.679 1.809 62.867
5107.282 -1.703 1.805 63.027
5108.458 -2.959 1.790 62.964
5109.634 -1.485 1.804 61.578
5110.811 -2.131 1.773 61.648
5111.988 -0.195 1.802 62.051
5113.165 1.735 1.797 60.733
5114.343 1.643 1.806 61.585
5115.520 1.157 1.830 63.811
5116.699 -0.650 1.840 64.788
5117.876 0.002 1.850 64.961
5119.055 1.003 1.862 64.705
5120.234 -0.935 1.866 65.759
5121.413 1.739 1.920 66.467
5122.593 1.190 1.887 65.324
5123.772 0.781 1.835 62.726
5124.953 3.261 1.824 60.271
5126.132 -2.247 1.761 61.217
5127.313 -0.656 1.760 61.351
5128.494 -4.628 1.728 61.909
5129.675 -0.810 1.751 60.660
5130.855 0.403 1.750 59.607
5132.038 1.185 1.767 59.938
5133.219 -2.212 1.762 61.605
5134.401 0.488 1.807 63.490
5135.583 -2.935 1.777 63.815
5136.766 -1.308 1.800 63.487
5137.949 1.885 1.828 63.821
5139.132 -0.684 1.815 64.489
5140.316 -3.025 1.787 62.451
5141.500 -2.482 1.803 64.083
5142.684 -1.983 1.824 63.042
5143.868 0.041 1.808 61.540
5145.053 -1.569 1.799 61.799
5146.237 0.818 1.785 61.309
5147.422 2.608 1.820 61.980
5148.607 -0.172 1.785 62.605
5149.793 0.046 1.804 62.064
5150.979 0.332 1.783 61.825
5152.166 -0.074 1.769 61.271
5153.352 0.481 1.780 62.163
5154.539 -0.331 1.772 63.033
5155.726 -0.147 1.768 62.585
5156.913 -0.929 1.806 63.483
5158.101 2.356 1.850 63.008
5159.289 0.503 1.861 64.095
5160.477 -0.391 1.838 64.103
5161.665 2.569 1.852 63.764
5162.854 -0.709 1.820 65.291
5164.042 -0.860 1.791 64.224
5165.232 2.630 1.798 62.181
5166.421 0.343 1.761 61.093
5167.611 -4.387 1.721 59.321
5168.801 -3.737 1.697 56.812
5169.991 -2.763 1.622 52.843
5171.182 -2.904 1.606 54.240
5172.373 -2.066 1.641 55.428
5173.563 -1.270 1.642 53.256
5174.755 0.027 1.644 52.926
5175.947 -2.876 1.639 54.345
5177.139 0.331 1.709 56.963
5178.331 1.438 1.760 58.501
5179.524 4.164 1.779 59.870
5180.716 -0.381 1.744 61.165
5181.909 4.686 1.787 59.423
5183.103 2.224 1.771 58.842
5184.296 -3.361 1.697 58.060
5185.490 -0.106 1.697 56.443
5186.684 0.593 1.652 54.115
5187.878 2.040 1.686 55.500
5189.073 2.425 1.742 59.246
5190.269 -0.057 1.760 60.891
5191.463 3.579 1.799 61.200
5192.659 -0.915 1.745 62.026
5193.855 -0.582 1.760 63.326
5195.051 0.227 1.755 61.150
5196.247 1.963 1.772 61.487
5197.444 0.022 1.751 61.140
5198.641 -0.283 1.771 62.542
5199.838 2.106 1.832 63.196
5201.036 7.456 1.919 62.062
5202.233 4.855 1.932 63.966
5203.431 3.409 1.911 65.865
5204.629 1.685 1.846 64.540
5205.828 1.639 1.815 62.198
5207.027 -0.997 1.754 61.773
5208.226 -2.105 1.708 59.986
5209.425 1.343 1.752 59.771
5210.625 -0.679 1.711 59.283
5211.825 -2.442 1.712 59.869
5213.025 3.581 1.800 61.232
5214.226 2.174 1.837 62.682
5215.426 -1.161 1.793 63.100
5216.627 0.464 1.831 64.519
5217.829 -0.431 1.834 64.238
5219.031 1.061 1.849 63.731
5220.232 -1.165 1.837 64.926
5221.435 0.735 1.858 65.074
5222.636 3.443 1.877 65.865
5223.839 -0.035 1.869 65.699
5225.042 1.545 1.883 65.860
5226.246 -1.455 1.826 64.404
5227.449 -1.206 1.782 61.529
5228.653 -1.710 1.777 61.311
5229.857 -2.132 1.805 62.771
5231.062 0.565 1.841 63.576
5232.266 0.707 1.838 63.775
5233.471 -2.213 1.800 64.476
5234.676 1.576 1.837 64.475
5235.881 0.042 1.813 64.749
5237.087 1.359 1.810 64.306
5238.293 0.322 1.827 64.921
5239.500 -0.431 1.947 67.615
5240.706 3.972 2.128 66.219
5241.913 2.639 2.108 66.459
5243.120 1.687 2.002 67.689
5244.328 -1.990 1.887 67.688
5245.535 0.071 1.854 66.901
5246.744 2.203 1.895 66.226
5247.951 0.468 1.885 66.844
5249.160 0.369 1.904 66.449
5250.369 -1.078 1.845 64.989
5251.578 0.985 1.856 64.430
5252.787 1.679 1.846 64.761
5253.997 0.724 1.809 64.293
5255.207 -0.997 1.787 63.996
5256.417 1.985 1.815 64.224
5257.627 1.877 1.835 65.727
5258.839 3.442 1.917 65.802
5260.049 6.304 1.941 66.603
5261.261 3.559 1.916 67.418
5262.472 4.361 1.919 66.732
5263.684 1.064 1.854 65.384
5264.896 -0.002 1.798 63.984
5266.108 -0.862 1.763 61.436
5267.321 -2.982 1.707 59.843
5268.534 3.633 1.744 58.586
5269.748 -2.421 1.676 58.095
5270.960 -1.115 1.695 59.274
5272.175 -1.306 1.690 59.326
5273.389 0.305 1.731 59.299
5274.603 0.834 1.759 61.754
5275.818 0.379 1.769 62.921
5277.033 1.088 1.791 63.382
5278.248 3.008 1.870 64.910
5279.463 3.174 1.901 66.063
5280.679 2.699 1.883 66.721
5281.896 3.782 1.887 66.334
5283.112 1.101 1.873 66.900
5284.329 -0.468 1.864 67.053
5285.545 -1.773 1.807 65.972
5286.763 1.154 1.836 65.807
5287.980 3.309 1.886 67.833
5289.198 2.445 1.913 69.136
5290.416 3.148 1.927 68.609
5291.634 3.822 1.931 68.848
5292.853 5.029 1.942 69.034
5294.072 2.596 1.929 69.429
5295.291 4.992 1.939 67.494
5296.510 2.540 1.922 67.902
5297.730 4.077 1.896 66.245
5298.950 3.974 1.871 64.940
5300.170 0.901 1.833 65.807
5301.391 -0.407 1.802 65.323
5302.611 -1.078 1.814 66.451
5303.833 5.145 1.905 65.649
5305.054 3.473 1.934 66.773
5306.276 1.024 1.921 68.515
5307.498 1.247 1.933 70.026
5308.720 7.255 1.992 70.510
5309.942 0.752 1.931 71.838
5311.166 3.764 1.951 71.605
5312.388 3.865 1.942 71.152
5313.612 1.315 1.920 71.257
5314.835 4.604 1.949 69.942
5316.059 2.655 1.957 70.331
5317.283 2.828 1.936 68.534
5318.508 -1.319 1.867 69.516
5319.733 -1.143 1.869 70.357
5320.958 0.462 1.879 69.201
5322.183 -1.037 1.877 67.906
5323.409 1.765 1.920 67.770
5324.634 1.771 1.923 68.511
5325.861 -1.009 1.881 67.796
5327.087 -0.489 1.859 67.049
5328.314 -4.232 1.787 64.185
5329.541 -2.789 1.754 63.087
5330.769 -2.599 1.740 62.864
5331.996 -0.235 1.765 63.782
5333.224 -0.857 1.764 63.878
5334.452 0.725 1.799 64.632
5335.680 0.963 1.857 66.948
5336.909 4.745 1.941 67.542
5338.138 5.193 1.997 67.756
5339.368 0.892 1.979 68.821
5340.597 0.442 1.949 68.585
5341.827 -0.842 1.879 67.805
5343.057 0.591 1.858 66.956
5344.288 1.880 1.896 67.249
5345.518 -0.220 1.919 66.979
5346.749 -0.925 1.894 66.948
5347.980 2.196 1.885 67.510
5349.212 1.170 1.877 67.643
5350.444 -1.046 2.380 67.645
5351.676 23.226 5.077 68.206
5352.909 8.941 10.935 67.677
5354.141 -8.754 8.829 68.394
5355.374 -8.656 7.061 70.449
5356.607 1.754 4.247 70.326
5357.840 0.158 2.729 70.662
5359.075 3.259 2.089 70.507
5360.309 1.205 1.948 71.906
5361.543 1.089 1.984 72.582
5362.778 -0.116 1.947 70.778
5364.013 1.017 1.923 70.494
5365.248 1.774 1.919 70.059
5366.484 0.248 1.881 69.559
5367.719 -0.461 1.876 68.715
5368.956 -0.805 1.859 67.941
5370.192 -0.543 1.884 67.679
5371.429 -1.944 1.848 66.456
5372.666 -1.278 1.850 66.228
5373.903 -0.397 1.845 65.345
5375.141 -1.025 1.855 66.691
5376.378 -2.137 1.875 68.384
5377.616 0.302 1.906 68.762
5378.854 1.172 1.909 68.310
5380.094 1.966 1.917 68.227
5381.332 -2.692 1.887 69.247
5382.572 0.775 1.899 68.826
5383.811 -0.842 1.897 69.136
5385.051 1.861 1.910 69.884
5386.291 -1.897 1.865 69.815
5387.531 -0.595 1.879 69.568
5388.772 -2.576 1.859 69.431
5390.013 2.165 1.888 68.691
5391.254 -0.242 1.858 68.926
5392.496 -3.684 1.823 69.632
5393.737 1.569 2.085 67.784
5394.979 -1.339 2.067 67.316
5396.222 -2.779 1.784 66.482
5397.465 -0.956 1.796 65.740
5398.708 0.438 1.810 65.699
5399.951 -1.206 1.802 66.181
5401.194 -3.036 1.807 65.989
5402.438 2.150 1.856 65.498
5403.683 -0.451 1.827 66.256
5404.927 -0.864 1.802 66.719
5406.172 -2.194 1.765 65.800
5407.417 -4.412 1.729 64.095
5408.661 -3.026 1.752 64.607
5409.907 -3.125 1.745 64.893
5411.153 -4.218 1.753 66.108
5412.399 -1.197 1.816 65.964
5413.646 -4.823 1.801 66.732
5414.892 -1.215 1.833 67.939
5416.139 0.331 1.875 68.049
5417.386 -1.684 1.874 69.304
5418.634 -0.033 1.875 69.556
5419.882 0.009 1.915 69.601
5421.129 -0.088 1.921 69.489
5422.378 -0.113 1.894 69.449
5423.627 -2.775 1.846 69.444
5424.876 -1.287 1.829 68.657
5426.125 -3.798 1.827 68.799
5427.375 2.072 1.891 69.747
5428.625 -1.444 2.160 69.276
5429.875 1.797 2.212 68.003
5431.125 1.114 1.829 66.436
5432.376 -3.479 1.803 68.135
5433.627 0.290 1.847 67.129
5434.878 -4.404 1.793 66.526
5436.130 -0.147 1.834 67.103
5437.381 -4.033 1.774 65.719
5438.634 -2.183 1.822 67.172
5439.886 -1.695 1.848 68.176
5441.139 0.642 1.891 68.762
5442.392 0.901 1.954 70.699
5443.645 1.070 1.959 69.757
5444.899 0.096 1.922 69.666
5446.153 -2.022 1.878 70.253
5447.407 0.763 1.879 68.905
5448.661 -2.118 1.850 68.139
5449.916 -1.872 1.860 68.197
5451.171 -1.925 1.868 67.382
5452.427 -0.679 1.881 67.081
5453.682 -2.312 1.852 67.263
5454.938 -2.648 1.864 68.325
5456.194 -6.164 1.837 68.830
5457.450 -2.442 1.882 66.589
5458.708 -2.574 1.918 67.339
5459.964 -0.572 1.954 67.208
5461.222 2.446 1.990 67.514
5462.479 -0.009 1.981 67.382
5463.737 1.756 1.975 66.594
5464.996 0.257 1.905 67.359
5466.253 -1.510 1.852 67.895
5467.513 0.276 1.872 67.247
5468.771 0.427 1.878 67.266
5470.031 -1.611 1.866 69.107
5471.291 -1.037 1.874 69.070
5472.550 0.279 1.883 67.977
5473.812 -2.833 1.867 68.090
5475.072 -1.552 1.873 67.558
5476.332 -1.030 1.853 67.378
5477.594 0.765 1.846 66.414
5478.855 -1.617 1.826 65.572
5480.117 0.475 1.836 66.584
5481.378 -1.143 1.829 66.610
5482.641 -0.186 1.826 65.275
5483.904 0.328 1.853 65.915
5485.167 -2.261 1.855 67.611
5486.429 -0.848 1.858 67.647
5487.693 -2.987 1.830 68.597
5488.957 -0.475 1.852 68.546
5490.221 -2.753 1.828 67.855
5491.485 -0.334 1.857 67.269
5492.750 -1.424 1.874 67.822
5494.015 -3.200 1.890 68.458
5495.280 4.043 1.979 68.379
5496.545 0.011 1.904 68.180
5497.811 -2.514 1.859 69.024
5499.077 -2.046 1.861 68.869
5500.343 -3.538 1.861 69.338
5501.610 -3.038 1.859 68.986
5502.877 -0.008 1.887 67.563
5504.144 -1.961 1.874 68.144
5505.412 -1.219 1.880 67.266
5506.680 -0.531 1.896 67.687
5507.948 -2.835 1.898 68.679
5509.216 -2.648 1.872 67.453
5510.485 -1.170 1.866 67.392
5511.753 -1.552 1.844 66.666
5513.023 0.828 1.865 66.877
5514.292 -4.392 1.828 66.916
5515.562 0.296 1.881 66.898
5516.833 -0.326 1.896 67.169
5518.103 -0.842 1.897 67.847
5519.374 -1.404 1.886 68.638
5520.645 4.019 1.959 68.994
5521.916 -0.562 1.914 69.924
5523.188 -2.211 1.908 69.974
5524.460 0.355 1.912 68.915
5525.731 -2.323 1.907 69.853
5527.005 -5.125 1.880 71.405
5528.277 0.201 1.938 69.619
5529.550 -1.829 1.927 68.382
5530.824 -0.405 1.892 68.335
5532.097 0.405 1.943 68.023
5533.371 0.136 1.899 68.542
5534.646 0.437 1.969 68.170
5535.920 -4.218 1.950 69.765
5537.195 -2.476 1.961 70.135
5538.470 -1.844 1.981 69.798
5539.745 -2.203 1.953 69.738
5541.021 -1.217 1.956 69.357
5542.297 -1.429 1.955 70.276
5543.574 -1.207 1.996 70.568
5544.850 -0.892 1.998 70.654
5546.127 4.187 2.001 69.733
5547.404 -0.151 1.953 70.168
5548.682 -1.523 1.948 70.653
5549.960 0.834 1.990 69.627
5551.237 0.415 1.964 69.681
5552.516 0.323 1.939 71.292
5553.794 0.572 1.975 71.624
5555.073 -0.506 1.964 70.426
5556.353 -1.873 2.007 70.421
5557.632 -1.293 2.050 70.957
5558.912 0.607 2.092 69.485
5560.193 2.797 2.090 69.446
5561.473 -3.505 1.984 71.141
5562.753 -2.521 1.972 70.535
5564.035 -2.500 1.944 69.814
5565.316 2.381 1.978 69.124
5566.597 0.409 1.930 68.552
5567.879 -2.704 1.868 68.003
5569.161 -2.022 1.899 68.401
5570.444 -0.274 1.924 68.684
5571.727 0.116 1.923 67.890
5573.010 1.354 1.937 68.109
5574.293 -1.917 1.916 69.148
5575.577 0.376 1.921 68.974
5576.861 1.225 1.922 69.008
5578.145 -0.255 1.926 71.249
5579.430 1.952 1.957 69.826
5580.714 1.411 1.976 69.754
5582.000 -1.277 1.945 70.527
5583.285 -1.568 1.883 69.672
5584.571 -1.923 1.899 69.852
5585.857 -2.461 1.892 69.318
5587.143 -1.771 1.891 67.630
5588.430 -2.462 1.863 67.338
5589.717 -3.822 1.812 66.036
5591.004 -2.603 1.790 64.927
5592.292 -1.136 1.781 65.531
5593.579 -2.538 1.779 65.917
5594.868 -1.374 1.809 65.507
5596.156 0.863 1.867 66.257
5597.445 -0.418 1.871 67.522
5598.733 -1.277 1.885 67.970
5600.023 -0.746 1.876 69.171
5601.312 -0.723 1.860 67.483
5602.603 -0.800 1.826 67.083
5603.893 -1.472 1.806 67.658
5605.183 -2.851 1.791 67.547
5606.474 -1.988 1.813 67.418
5607.765 0.242 1.836 69.318
5609.057 1.133 1.860 70.340
5610.348 -0.292 1.819 70.196
5611.641 -2.240 1.819 70.479
5612.933 -1.872 1.836 70.950
5614.225 -0.329 1.869 71.007
5615.518 -2.911 1.834 69.003
5616.812 -1.296 1.859 69.334
5618.104 -1.456 1.840 68.876
5619.398 0.915 1.823 67.370
5620.692 -1.324 1.773 67.391
5621.987 -2.438 1.783 68.589
5623.281 -1.362 1.768 68.237
5624.576 -0.801 1.773 67.890
5625.872 -2.192 1.742 68.637
5627.167 -4.879 1.694 68.799
5628.463 -4.076 1.698 68.292
5629.759 -0.411 1.749 68.802
5631.055 -4.477 1.746 70.813
5632.353 -1.240 1.755 70.188
5633.649 0.030 1.747 69.965
5634.947 1.655 1.747 70.300
5636.245 -1.031 1.738 70.884
5637.542 -2.927 1.697 70.414
5638.841 -1.525 1.722 69.356
5640.139 -1.765 1.678 69.159
5641.438 -3.479 1.648 68.907
5642.737 -3.114 1.636 69.737
5644.037 -0.622 1.668 68.978
5645.336 -1.892 1.662 69.595
5646.636 -2.378 1.663 70.131
5647.937 -3.613 1.663 70.008
5649.238 -1.818 1.688 70.367
5650.538 -3.565 1.760 70.489
5651.839 -3.021 1.941 71.009
5653.141 -4.887 2.192 70.554
5654.443 -6.891 2.050 70.587
5655.745 -4.262 1.754 71.885
5657.047 -4.244 1.718 71.199
5658.350 -1.777 1.914 69.474
5659.653 -4.129 1.956 68.615
5660.957 -4.573 1.784 68.534
5662.260 -5.944 1.731 68.692
5663.564 -4.680 1.677 69.036
5664.868 -3.206 1.585 68.981
5666.173 -3.542 1.571 68.962
5667.478 -2.385 1.609 68.889
5668.782 -3.392 1.596 69.422
5670.088 -3.634 1.585 69.968
5671.394 0.079 1.577 69.179
5672.700 -4.266 1.555 70.174
5674.006 -2.189 1.575 70.247
5675.313 0.250 1.591 69.789
5676.620 -1.444 1.584 70.571
5677.927 -0.555 1.612 71.371
5679.234 -0.398 1.642 71.069
5680.542 -2.240 1.604 71.160
5681.851 -5.932 1.601 72.534
5683.159 -4.022 1.623 70.666
5684.468 -1.205 1.649 69.653
5685.777 -1.229 1.681 70.627
5687.086 -0.723 1.652 70.323
5688.396 -1.302 1.644 69.069
5689.706 -0.117 1.617 67.837
5691.016 -1.703 1.609 69.369
5692.327 -2.396 1.620 70.393
5693.637 0.021 1.647 70.304
5694.949 -0.342 1.643 70.260
5696.260 -0.303 1.648 70.380
5697.572 -0.300 1.662 71.461
5698.883 -1.586 1.632 71.823
5700.197 -3.971 1.582 71.174
5701.509 -4.460 1.551 70.507
5702.822 -1.578 1.562 70.007
5704.135 -0.631 1.571 69.683
5705.449 -4.270 1.640 68.047
5706.763 -2.906 1.674 68.975
5708.076 -2.134 1.646 67.890
5709.392 -5.276 1.608 67.833
5710.706 -0.586 1.641 67.404
5712.021 -1.560 1.644 66.859
5713.336 -3.198 1.649 67.138
5714.652 1.066 1.695 67.395
5715.969 -1.006 1.667 69.623
5717.284 -1.215 1.650 69.689
5718.601 2.277 1.624 70.384
5719.918 -0.101 1.610 70.822
5721.235 1.760 1.640 72.071
5722.553 6.784 1.690 72.366
5723.871 4.355 1.690 72.582
5725.189 2.137 1.644 73.211
5726.507 1.511 1.624 72.773
5727.825 -0.505 1.583 71.773
5729.145 -1.765 1.596 72.497
5730.464 0.752 1.631 71.607
5731.784 1.112 1.631 71.365
5733.104 0.510 1.612 71.534
5734.424 -0.539 1.597 71.568
5735.745 -1.501 1.625 71.696
5737.066 0.939 1.641 71.501
5738.387 -2.216 1.597 71.998
5739.708 2.442 1.604 71.186
5741.030 2.259 1.610 72.134
5742.352 1.535 1.588 71.976
5743.674 -0.800 1.598 72.351
5744.997 -0.279 1.598 72.658
5746.320 -0.738 1.613 73.092
5747.644 -3.308 1.574 72.480
5748.967 0.036 1.580 71.630
5750.291 -0.103 1.564 71.779
5751.615 -1.476 1.544 71.241
5752.939 1.817 1.584 69.783
5754.265 -2.543 1.578 71.051
5755.589 2.112 1.620 71.890
5756.915 -0.031 1.592 70.600
5758.241 -0.893 1.590 72.628
5759.567 0.950 1.618 72.918
5760.893 0.759 1.666 72.334
5762.220 0.866 1.619 71.031
5763.547 -0.969 1.571 70.641
5764.874 -2.570 1.559 71.821
5766.202 -1.117 1.559 71.058
5767.529 -1.583 1.563 72.986
5768.858 -1.154 1.572 73.624
5770.186 -1.827 1.582 72.737
5771.515 -1.279 1.601 73.208
5772.844 -0.037 1.605 73.087
5774.173 -1.357 1.577 72.945
5775.503 -0.890 1.578 73.077
5776.833 0.097 1.570 72.974
5778.163 -2.285 1.549 72.582
5779.494 -3.103 1.665 71.941
5780.825 -1.665 1.666 71.249
5782.156 -4.194 1.571 70.655
5783.488 -0.922 1.524 69.873
5784.819 -5.302 1.485 68.551
5786.151 -3.600 1.496 67.678
5787.484 -2.941 1.518 68.386
5788.817 -2.830 1.533 68.754
5790.150 -1.464 1.544 69.701
5791.483 -0.358 1.556 69.815
5792.817 0.073 1.571 70.748
5794.151 0.629 1.594 71.065
5795.485 -1.731 1.609 72.500
5796.819 0.102 1.635 72.273
5798.155 1.656 1.645 72.369
5799.490 0.189 1.611 71.613
5800.826 3.725 1.630 71.995
5802.162 -0.960 1.683 73.908
5803.498 0.219 1.719 73.159
5804.834 -0.010 1.675 72.896
5806.171 1.173 1.662 72.822
5807.508 -0.923 1.628 72.449
5808.845 -0.848 1.619 71.931
5810.183 1.732 1.643 71.940
5811.521 0.029 1.642 72.417
5812.859 -2.018 1.635 72.285
5814.198 -0.246 1.658 73.862
5815.537 -0.628 1.662 73.171
5816.876 1.343 1.670 71.937
5818.216 0.387 1.670 72.569
5819.556 4.490 1.679 71.515
5820.896 1.163 1.671 71.097
5822.236 2.254 1.690 71.976
5823.577 2.183 1.688 72.431
5824.918 -0.285 1.670 72.957
5826.259 -1.787 1.628 74.052
5827.601 -1.818 1.641 74.064
5828.943 -0.601 1.671 73.757
5830.286 1.942 1.705 73.570
5831.628 -2.053 1.649 73.631
5832.971 0.933 1.681 74.127
5834.314 1.874 1.680 72.852
5835.658 3.015 1.681 71.591
5837.002 2.957 1.697 72.058
5838.346 2.552 1.705 72.634
5839.690 2.458 1.694 72.825
5841.035 1.041 1.684 72.650
5842.380 1.461 1.690 73.007
5843.726 1.921 1.702 72.364
5845.071 -0.299 1.673 72.786
5846.417 1.504 1.704 73.500
5847.764 2.332 1.705 73.077
5849.110 0.720 1.667 72.033
5850.458 -0.238 1.642 72.693
5851.804 1.390 1.656 72.209
5853.152 2.418 1.679 70.778
5854.500 2.572 1.680 71.069
5855.848 0.417 1.650 70.869
5857.197 2.245 1.649 70.026
5858.546 4.694 1.663 69.235
5859.895 2.367 1.641 69.069
5861.244 0.495 1.619 69.541
5862.594 0.465 1.648 71.330
5863.944 1.285 1.635 70.616
5865.294 3.666 1.686 71.223
5866.646 1.916 1.674 71.467
5867.996 5.253 1.702 70.048
5869.347 2.918 1.696 71.521
5870.699 2.281 1.675 70.935
5872.051 4.038 1.695 71.112
5873.403 2.541 1.696 73.062
5874.755 5.344 1.723 71.974
5876.109 7.804 1.731 70.866
5877.461 5.415 1.736 72.445
5878.815 6.092 1.721 71.176
5880.169 6.278 1.739 71.291
5881.523 4.783 1.697 71.400
5882.877 2.377 1.677 70.280
5884.232 2.384 1.672 69.579
5885.587 2.650 1.681 69.062
5886.943 2.963 1.663 69.060
5888.299 -0.382 1.607 67.908
5889.655 0.340 1.577 66.189
5891.011 0.030 1.568 64.116
5892.367 0.818 1.579 62.940
5893.724 0.821 1.552 60.928
5895.082 -1.574 1.528 60.804
5896.439 -0.494 1.533 61.196
5897.797 1.874 1.561 61.155
5899.155 0.481 1.545 62.577
5900.514 0.106 1.551 63.315
5901.872 -0.725 1.642 64.950
5903.231 -0.599 1.645 66.555
5904.591 2.561 1.672 67.727
5905.951 1.134 1.686 69.139
5907.310 -0.814 1.694 71.136
5908.671 1.986 1.740 70.180
5910.031 3.129 1.716 68.927
5911.393 1.647 1.708 69.749
5912.754 3.713 1.744 69.539
5914.116 2.360 1.727 70.299
5915.478 -0.257 1.685 69.772
5916.840 2.134 1.696 69.462
5918.202 3.162 1.717 68.974
5919.565 1.860 1.714 69.796
5920.928 1.093 1.706 70.530
5922.292 2.870 1.724 69.487
5923.656 3.845 1.778 70.083
5925.020 0.952 1.742 70.453
5926.384 0.896 1.730 71.019
5927.749 -0.249 1.703 71.500
5929.114 1.710 1.725 71.218
5930.480 1.886 1.713 70.719
5931.845 -1.084 1.692 70.968
5933.211 -0.031 1.698 70.029
5934.577 0.926 1.738 70.383
5935.944 2.174 1.745 70.502
5937.312 0.511 1.713 70.429
5938.679 0.774 1.715 71.195
5940.046 1.689 1.726 71.061
5941.414 0.512 1.729 72.325
5942.782 2.200 1.735 71.314
5944.150 2.400 1.735 71.177
5945.519 -0.844 1.699 70.567
5946.889 0.597 1.719 71.029
5948.258 1.277 1.736 72.149
5949.628 3.681 1.742 70.391
5950.998 3.288 1.731 70.579
5952.368 1.128 1.712 70.599
5953.739 1.810 1.712 69.872
5955.110 -0.661 1.696 70.162
5956.482 0.384 1.696 70.451
5957.854 -0.518 1.688 70.279
5959.226 -1.442 1.708 71.052
5960.598 -2.347 1.681 71.609
5961.970 0.075 1.668 70.343
5963.343 -0.433 1.658 70.832
5964.717 -2.492 1.669 72.000
5966.090 -1.563 1.663 71.775
5967.464 -0.395 1.680 72.556
5968.838 -0.330 1.672 72.003
5970.213 -1.207 1.665 72.127
5971.588 0.240 1.682 72.786
5972.963 -0.550 1.670 72.565
5974.338 -1.074 1.670 71.957
5975.714 2.003 1.713 71.689
5977.090 -1.886 1.660 71.510
5978.467 -1.961 1.625 72.236
5979.843 -2.037 1.616 72.052
5981.221 1.689 1.633 70.045
5982.598 -0.433 1.635 70.158
5983.976 -0.289 1.676 70.561
5985.354 -1.602 1.668 70.838
5986.732 -3.262 1.632 70.567
5988.111 -1.106 1.621 70.285
5989.490 1.791 1.641 69.911
5990.869 0.242 1.616 70.187
5992.249 -1.784 1.596 70.886
5993.628 0.667 1.617 70.934
5995.009 -0.036 1.616 71.546
5996.389 0.938 1.624 71.239
5997.771 0.832 1.623 70.990
5999.151 -2.251 1.584 72.009
6000.533 -1.763 1.580 71.256
6001.915 -0.388 1.584 71.451
6003.297 -1.334 1.574 70.905
6004.679 -1.326 1.570 69.848
6006.062 0.147 1.592 70.174
6007.445 -0.994 1.598 70.359
6008.828 -1.014 1.579 69.677
6010.212 0.197 1.586 69.889
6011.596 -2.758 1.582 70.587
6012.980 1.483 1.610 70.078
6014.366 -0.421 1.593 70.978
6015.750 -1.455 1.579 70.996
6017.136 0.088 1.619 71.178
6018.521 -0.974 1.780 70.418
6019.907 -1.546 1.757 70.989
6021.293 0.086 1.561 69.685
6022.681 -0.470 1.547 69.016
6024.067 -1.710 1.539 70.206
6025.455 -2.187 1.534 70.403
6026.842 -2.065 1.536 70.193
6028.230 -1.045 1.543 70.244
6029.618 -0.732 1.557 71.224
6031.007 0.148 1.569 70.962
6032.396 -1.142 1.573 72.103
6033.784 1.118 1.596 71.643
6035.174 1.143 1.612 72.092
6036.564 -1.298 1.582 72.453
6037.955 -0.766 1.570 72.238
6039.345 -1.607 1.580 73.572
6040.736 -0.713 1.576 72.924
6042.126 -1.410 1.559 71.833
6043.518 -0.279 1.587 71.953
6044.910 -1.229 1.670 72.706
6046.302 -0.285 1.791 73.541
6047.694 -1.446 1.807 73.473
6049.087 -3.617 1.701 73.052
6050.480 0.533 1.627 73.089
6051.874 0.384 1.616 73.251
6053.267 -2.193 1.610 73.288
6054.661 -0.568 1.645 73.188
6056.055 -2.802 1.585 73.520
6057.449 0.306 1.570 72.387
6058.845 -0.016 1.564 71.627
6060.240 -0.556 1.576 72.270
6061.635 -2.153 1.551 72.340
6063.031 -1.484 1.544 71.798
6064.428 -0.198 1.550 71.675
6065.825 -1.032 1.554 71.866
6067.221 -1.965 1.552 71.544
6068.618 0.351 1.570 70.997
6070.016 1.340 1.600 71.560
6071.414 -0.173 1.599 72.848
6072.812 1.941 1.619 72.683
6074.210 0.959 1.631 73.516
6075.609 2.688 1.655 73.081
6077.008 -0.210 1.613 73.389
6078.408 0.624 1.599 72.986
6079.807 1.225 1.593 72.496
6081.207 -0.548 1.578 72.683
6082.608 2.986 1.587 70.793
6084.009 0.523 1.587 71.658
6085.410 3.926 1.616 71.024
6086.811 3.565 1.629 70.414
6088.212 4.713 1.645 70.742
6089.614 5.300 1.641 70.954
6091.017 2.071 1.623 71.057
6092.419 0.395 1.597 72.138
6093.823 -1.881 1.563 72.194
6095.226 -3.500 1.542 72.052
6096.629 -1.771 1.559 71.146
6098.034 4.750 1.654 70.889
6099.438 0.749 1.625 71.625
6100.842 0.066 1.588 70.523
6102.248 -1.045 1.574 70.536
6103.653 -2.049 1.555 70.476
6105.059 -0.646 1.560 69.757
6106.464 -0.535 1.594 69.652
6107.871 -1.509 1.633 70.955
6109.277 -1.656 1.642 70.987
6110.684 1.327 1.633 71.076
6112.091 0.584 1.654 71.458
6113.499 -2.819 1.630 71.563
6114.906 1.490 1.593 71.665
6116.314 -0.705 1.586 71.653
6117.724 -1.542 1.595 71.570
6119.132 -0.536 1.598 71.796
6120.542 -2.259 1.546 71.265
6121.950 -2.161 1.534 70.445
6123.361 0.412 1.558 69.989
6124.771 -1.912 1.539 70.230
6126.181 -1.828 1.525 69.987
6127.592 0.355 1.538 69.079
6129.003 -0.553 1.549 70.075
6130.414 -0.867 1.565 71.370
6131.826 -0.554 1.571 71.576
6133.238 0.810 1.563 70.309
6134.650 0.336 1.560 70.507
6136.063 -1.022 1.533 70.803
6137.476 -0.373 1.532 69.330
6138.890 -1.150 1.498 68.467
6140.303 0.702 1.518 68.066
6141.717 -2.293 1.502 68.076
6143.132 -0.981 1.547 69.636
6144.546 -0.269 1.566 70.465
6145.961 -0.334 1.545 69.822
6147.376 -1.169 1.530 71.127
6148.792 -0.971 1.542 70.781
6150.208 -1.620 1.533 71.452
6151.625 -1.982 1.522 70.996
6153.041 -1.581 1.515 71.101
6154.458 -1.746 1.528 72.123
6155.875 -1.911 1.516 70.793
6157.293 -1.899 1.508 69.988
6158.711 -0.290 1.519 69.677
6160.129 0.662 1.534 68.787
6161.548 0.544 1.508 67.592
6162.966 -2.905 1.448 66.891
6164.385 -2.712 1.430 65.627
6165.805 -2.741 1.426 65.043
6167.225 -0.885 1.429 64.524
6168.645 0.036 1.448 65.344
6170.065 1.330 1.480 66.007
6171.486 -1.438 1.447 66.371
6172.908 -1.965 1.443 67.367
6174.330 -0.625 1.458 67.576
6175.752 -2.703 1.530 68.067
6177.174 -2.144 1.498 68.528
6178.597 0.596 1.548 68.210
6180.019 -0.414 1.764 68.964
6181.442 -0.777 1.726 69.566
6182.866 -0.803 1.500 69.746
6184.290 -1.591 1.481 69.234
6185.714 0.453 1.514 69.954
6187.138 -1.888 1.475 68.945
6188.563 -0.117 1.494 69.305
6189.988 0.753 1.492 68.687
6191.414 -0.831 1.469 67.745
6192.839 -0.774 1.461 67.155
6194.265 -0.699 1.464 67.052
6195.692 0.063 1.487 67.204
6197.119 1.301 1.515 67.658
6198.546 -1.077 1.720 68.304
6199.974 -0.591 1.724 68.176
6201.401 -1.924 1.484 69.585
6202.829 -2.926 1.489 69.835
6204.257 -2.704 1.489 70.250
6205.686 -0.318 1.506 69.212
6207.115 1.033 1.523 69.148
6208.544 0.280 1.527 69.456
6209.974 -0.195 1.522 70.268
6211.404 -0.960 1.506 69.984
6212.835 -0.032 1.491 68.323
6214.265 1.031 1.495 68.287
6215.697 -1.330 1.482 68.089
6217.128 -0.615 1.492 67.806
6218.560 -1.331 1.451 66.635
6219.992 -1.265 1.441 66.471
6221.424 -0.722 1.455 66.169
6222.857 0.495 1.473 66.598
6224.290 -0.782 1.461 66.830
6225.723 0.567 1.468 66.449
6227.157 0.721 1.489 67.087
6228.591 -0.355 1.495 67.011
6230.025 -0.214 1.504 67.070
6231.460 -0.830 1.482 66.934
6232.895 -0.752 1.463 66.719
6234.330 1.504 1.482 66.219
6235.766 -1.048 1.510 67.378
6237.202 1.332 1.571 67.544
6238.639 -0.021 1.527 67.684
6240.075 2.321 1.539 67.923
6241.512 2.664 1.535 67.704
6242.950 -0.848 1.487 67.335
6244.387 -0.080 1.469 65.944
6245.825 -0.665 1.456 65.518
6247.264 -0.290 1.486 66.110
6248.702 0.195 1.481 66.467
6250.141 -2.073 1.461 66.382
6251.581 -3.068 1.454 66.966
6253.021 -1.202 1.460 66.367
6254.460 -0.970 1.433 65.294
6255.900 -2.979 1.416 65.704
6257.341 -2.391 1.424 65.839
6258.782 -0.037 1.463 65.051
6260.224 -1.654 1.434 64.507
6261.665 -3.402 1.440 65.617
6263.107 -0.042 1.474 66.162
6264.549 -1.193 1.477 66.953
6265.992 0.844 1.509 67.928
6267.435 -1.006 1.521 68.123
6268.877 1.263 1.550 67.638
6270.321 0.652 1.530 68.151
6271.765 -2.135 1.503 69.143
6273.210 -1.395 1.504 68.497
6274.654 -0.578 1.485 67.760
6276.099 -1.748 1.490 68.411
6277.544 0.269 1.523 69.362
6278.990 0.968 1.535 68.719
6280.436 -1.486 1.509 69.188
6281.882 -0.254 1.514 68.621
6283.329 -0.386 1.519 68.877
6284.776 -0.308 1.515 69.245
6286.224 -1.645 1.507 69.192
6287.671 -1.769 1.529 69.415
6289.119 -0.012 1.552 68.681
6290.567 -2.264 1.536 69.551
6292.016 -1.975 1.534 70.080
6293.464 1.207 1.548 69.199
6294.914 1.363 1.556 68.720
6296.364 0.713 1.532 68.383
6297.813 -0.589 1.516 69.144
6299.264 3.998 1.567 68.461
6300.714 5.882 1.584 67.694
6302.165 7.739 1.615 67.834
6303.617 8.720 1.629 68.670
6305.069 7.684 1.619 67.749
6306.521 3.041 1.564 68.140
6307.973 0.189 1.519 68.511
6309.425 0.437 1.517 68.643
6310.878 0.147 1.532 69.300
6312.332 0.210 1.544 69.566
6313.785 0.933 1.560 69.844
6315.240 0.096 1.520 68.148
6316.694 1.400 1.520 67.988
6318.148 -0.490 1.484 68.001
6319.604 -2.352 1.456 67.700
6321.059 -1.230 1.463 67.412
6322.515 -1.799 1.466 67.889
6323.971 -1.329 1.473 68.245
6325.427 0.311 1.504 68.610
6326.883 -0.319 1.508 69.487
6328.340 0.778 1.523 69.409
6329.798 0.780 1.538 69.683
6331.255 2.051 1.564 70.123
6332.713 1.911 1.566 70.694
6334.171 1.259 1.540 69.659
6335.630 0.047 1.509 69.542
6337.089 -0.174 1.512 69.425
6338.548 -0.525 1.498 68.251
6340.008 -1.465 1.491 68.280
6341.468 1.518 1.512 68.623
6342.928 0.226 1.493 68.856
6344.389 0.172 1.488 68.454
6345.851 -0.148 1.497 68.856
6347.312 0.439 1.522 68.997
6348.773 -0.380 1.497 68.796
6350.235 0.326 1.498 69.046
6351.697 0.412 1.508 70.448
6353.161 -1.693 1.490 70.878
6354.624 -0.123 1.500 70.416
6356.087 1.598 1.506 69.128
6357.551 2.832 1.508 68.224
6359.015 1.426 1.506 67.651
6360.479 2.396 1.500 67.840
6361.944 -0.646 1.476 68.022
6363.409 0.607 1.476 66.440
6364.874 2.909 1.504 67.149
6366.339 2.442 1.501 67.303
6367.806 2.958 1.508 67.789
6369.272 4.449 1.537 68.704
6370.739 4.724 1.556 69.727
6372.206 4.657 1.559 69.675
6373.673 4.942 1.574 70.838
6375.142 3.011 1.562 71.716
6376.609 4.594 1.564 70.545
6378.078 4.789 1.570 70.884
6379.546 1.249 1.521 71.005
6381.016 1.947 1.527 70.219
6382.485 4.129 1.557 69.973
6383.955 0.700 1.522 71.207
6385.425 0.011 1.505 71.597
6386.896 0.632 1.508 71.593
6388.366 -1.127 1.479 70.764
6389.837 0.448 1.502 71.334
6391.309 0.353 1.498 71.634
6392.781 0.730 1.498 70.869
6394.253 1.088 1.489 70.530
6395.725 -0.986 1.468 70.499
6397.198 -0.663 1.477 70.264
6398.671 0.999 1.486 69.802
6400.145 -0.791 1.465 70.284
6401.619 -0.378 1.465 69.871
6403.093 -0.523 1.479 69.989
6404.568 0.466 1.502 70.668
6406.042 0.589 1.482 70.621
6407.518 -0.089 1.478 70.979
6408.993 0.194 1.468 70.582
6410.469 -0.039 1.460 70.226
6411.945 -1.357 1.446 70.551
6413.421 -0.058 1.474 70.119
6414.898 0.114 1.486 70.134
6416.376 -0.091 1.479 70.142
6417.854 0.227 1.469 69.532
6419.332 -0.578 1.456 69.838
6420.810 1.250 1.479 69.865
6422.289 0.803 1.479 69.298
6423.768 0.912 1.476 69.714
6425.248 -2.146 1.442 70.567
6426.727 -1.634 1.450 70.645
6428.206 1.905 1.489 70.155
6429.687 2.241 1.521 71.126
6431.167 3.703 1.540 70.964
6432.648 1.936 1.511 70.873
6434.130 0.724 1.482 70.432
6435.612 1.548 1.488 70.150
6437.093 -0.097 1.469 69.831
6438.576 1.614 1.504 70.786
6440.058 1.010 1.496 71.387
6441.542 -2.174 1.439 70.336
6443.025 0.625 1.480 71.178
6444.508 0.216 1.487 71.315
6445.993 0.860 1.504 72.026
6447.477 2.095 1.533 72.360
6448.962 -0.975 1.496 71.907
6450.447 2.026 1.499 70.335
6451.933 0.869 1.472 69.688
6453.418 0.806 1.488 69.594
6454.904 0.600 1.491 69.729
6456.391 1.074 1.492 69.951
6457.878 1.620 1.476 69.320
6459.365 -0.383 1.491 70.971
6460.853 0.481 1.519 71.212
6462.340 3.805 1.548 70.622
6463.828 3.562 1.543 70.969
6465.317 1.441 1.519 70.896
6466.806 2.109 1.509 70.421
6468.295 2.208 1.515 70.497
6469.784 1.931 1.518 70.430
6471.274 1.581 1.528 70.884
6472.765 2.169 1.519 71.056
6474.255 1.655 1.522 71.794
6475.746 0.545 1.528 72.140
6477.238 3.161 1.549 71.485
6478.729 2.413 1.543 71.756
6480.221 4.876 1.571 71.402
6481.713 3.738 1.574 72.382
6483.206 3.426 1.559 71.780
6484.699 4.859 1.550 70.740
6486.192 3.685 1.567 71.179
6487.686 6.885 1.599 71.330
6489.180 5.865 1.578 70.740
6490.674 5.382 1.565 70.222
6492.169 5.015 1.559 70.429
6493.664 6.081 1.554 68.930
6495.159 7.187 1.548 68.098
6496.655 5.027 1.524 67.730
6498.151 5.171 1.520 66.729
6499.647 8.072 1.542 65.993
6501.144 9.092 1.555 66.457
6502.641 9.667 1.597 68.239
6504.139 10.531 1.628 69.326
6505.637 11.206 1.650 69.580
6507.135 11.433 1.663 70.140
6508.633 11.231 1.687 71.113
6510.132 13.387 1.718 71.812
6511.632 10.968 1.691 71.677
6513.131 13.454 1.705 71.100
6514.631 14.482 1.730 71.595
6516.131 15.244 1.755 72.863
6517.632 17.390 1.771 71.694
6519.133 14.776 1.745 71.614
6520.634 14.680 1.742 71.771
6522.135 17.920 1.777 71.810
6523.638 17.808 1.789 72.184
6525.140 19.803 1.821 72.032
6526.643 23.853 1.857 71.771
6528.145 22.826 1.845 71.811
6529.648 22.797 1.879 72.666
6531.152 25.743 1.918 71.745
6532.656 28.549 1.944 71.349
6534.161 30.101 1.969 71.912
6535.666 34.210 2.025 72.001
6537.170 37.414 2.070 71.172
6538.676 40.037 2.171 71.501
6540.181 42.162 2.288 72.532
6541.688 42.689 2.306 73.066
6543.194 46.706 2.365 73.128
6544.702 49.705 2.393 72.378
6546.208 51.934 2.435 71.952
6547.716 58.355 2.537 72.402
6549.223 67.668 2.679 72.247
6550.732 76.500 2.797 71.009
6552.241 77.341 2.813 72.049
6553.750 72.300 2.631 72.532
6555.258 65.186 2.517 71.227
6556.768 59.860 2.429 70.631
6558.278 63.551 2.448 69.252
6559.788 66.892 2.496 68.732
6561.299 70.009 2.577 70.358
6562.810 86.609 2.796 69.119
6564.321 111.547 3.120 67.709
6565.833 127.165 3.332 66.243
6567.345 117.160 3.166 65.274
6568.857 88.594 2.762 66.451
6570.370 65.706 2.462 67.515
6571.883 55.788 2.324 69.051
6573.396 51.577 2.277 69.325
6574.910 51.552 2.249 69.851
6576.424 48.540 2.234 70.509
6577.938 50.657 2.241 69.795
6579.454 55.478 2.294 68.760
6580.968 58.296 2.372 70.280
6582.484 65.103 2.495 71.593
6584.000 82.824 2.752 71.987
6585.516 109.510 3.130 72.200
6587.032 119.950 3.337 72.061
6588.549 100.294 3.064 71.839
6590.067 68.256 2.623 73.027
6591.584 49.068 2.377 73.420
6593.103 45.000 2.303 70.454
6594.621 39.680 2.225 70.982
6596.139 33.554 2.112 70.683
6597.658 32.061 2.058 69.729
6599.177 31.646 2.050 70.832
6600.697 28.761 1.983 70.151
6602.217 30.311 1.975 70.352
6603.738 25.284 1.909 71.251
6605.258 22.949 1.860 71.355
6606.779 22.965 1.856 70.909
6608.301 22.371 1.861 70.137
6609.823 23.916 1.878 70.467
6611.345 16.941 1.801 70.586
6612.868 18.285 1.798 70.123
6614.390 16.206 1.787 70.800
6615.913 17.951 1.799 70.909
6617.437 15.405 1.749 70.691
6618.961 15.257 1.751 71.432
6620.485 11.918 1.728 72.533
6622.010 11.864 1.747 72.314
6623.534 14.083 1.753 71.416
6625.060 12.611 1.738 71.550
6626.585 11.478 1.702 70.958
6628.112 12.401 1.688 70.074
6629.638 11.113 1.653 70.201
6631.164 8.866 1.631 70.529
6632.692 7.577 1.622 70.046
6634.219 6.202 1.607 70.273
6635.747 7.723 1.620 69.437
6637.275 6.959 1.588 69.426
6638.803 9.223 1.622 70.171
6640.333 6.510 1.589 70.123
6641.861 7.000 1.612 71.260
6643.391 5.120 1.606 71.240
6644.921 5.782 1.627 70.734
6646.451 4.687 1.593 69.973
6647.981 5.269 1.580 71.182
6649.512 4.859 1.557 70.714
6651.044 3.265 1.543 70.527
6652.576 5.038 1.570 70.660
6654.107 4.321 1.554 70.734
6655.640 6.262 1.575 70.992
6657.172 3.330 1.536 70.526
6658.706 4.382 1.570 70.914
6660.239 2.835 1.573 70.346
6661.773 2.245 1.540 70.346
6663.307 2.356 1.536 70.616
6664.841 3.205 1.532 70.350
6666.376 1.745 1.521 69.546
6667.912 2.118 1.528 69.398
6669.447 2.352 1.560 69.272
6670.982 2.206 1.589 69.639
6672.519 4.424 1.600 70.363
6674.056 3.497 1.557 70.454
6675.593 2.262 1.535 70.455
6677.130 2.724 1.524 69.983
6678.667 2.646 1.527 69.650
6680.205 2.960 1.524 69.157
6681.743 3.010 1.526 69.219
6683.283 1.252 1.516 70.435
6684.822 2.167 1.508 69.764
6686.361 3.404 1.527 69.401
6687.900 3.007 1.531 69.477
6689.441 2.651 1.548 70.120
6690.981 1.032 1.521 70.715
6692.522 -0.089 1.499 70.546
6694.063 1.143 1.501 70.094
6695.605 3.459 1.530 69.368
6697.147 5.087 1.564 69.144
6698.689 0.603 1.537 69.814
6700.231 0.984 1.537 69.998
6701.774 3.705 1.522 68.751
6703.318 1.614 1.503 69.455
6704.862 0.010 1.469 68.762
6706.406 -0.497 1.474 69.581
6707.950 0.346 1.493 69.992
6709.494 0.379 1.485 68.914
6711.040 1.233 1.505 69.469
6712.585 1.079 1.503 69.590
6714.131 1.544 1.515 69.911
6715.677 8.631 1.598 68.724
6717.224 13.342 1.681 68.827
6718.771 18.789 1.768 69.415
6720.318 24.460 1.815 68.085
6721.865 14.828 1.710 68.467
6723.414 6.220 1.591 68.600
6724.962 2.254 1.511 68.278
6726.510 -1.053 1.481 69.253
6728.060 1.787 1.528 69.536
6729.608 4.693 1.591 69.819
6731.158 10.264 1.655 69.917
6732.709 18.105 1.762 69.934
6734.259 19.525 1.785 70.161
6735.810 17.524 1.757 70.321
6737.361 10.488 1.645 69.627
6738.913 2.231 1.523 69.541
6740.464 -0.193 1.478 69.807
6742.016 -1.540 1.452 69.641
6743.569 -1.425 1.442 68.775
6745.122 -2.986 1.416 68.878
6746.676 -3.212 1.409 68.459
6748.229 -2.171 1.424 68.839
6749.783 -2.228 1.438 68.402
6751.338 -1.165 1.438 68.247
6752.892 -0.723 1.456 68.513
6754.447 -0.189 1.459 67.692
6756.002 -1.342 1.508 68.956
6757.559 1.103 1.490 67.470
6759.115 -2.008 1.445 68.477
6760.671 -1.984 1.472 70.648
6762.228 1.079 1.497 69.201
6763.785 0.405 1.497 69.022
6765.343 0.273 1.529 69.734
6766.901 1.029 1.513 69.204
6768.459 -0.177 1.482 68.772
6770.018 -0.451 1.467 69.703
6771.577 -1.671 1.447 69.291
6773.136 -0.853 1.452 68.796
6774.696 -0.152 1.468 68.285
6776.256 1.293 1.489 68.946
6777.816 -1.528 1.470 70.440
6779.377 -0.833 1.465 69.329
6780.938 -1.529 1.466 70.170
6782.500 -4.007 1.439 70.514
6784.062 1.934 1.502 68.642
6785.624 -0.367 1.482 69.108
6787.187 -2.429 1.452 69.403
6788.750 -1.034 1.444 68.477
6790.313 -1.278 1.447 69.169
6791.877 -0.066 1.460 69.265
6793.441 -0.846 1.468 69.906
6795.005 0.167 1.486 69.111
6796.570 2.085 1.491 68.069
6798.135 -1.280 1.448 68.963
6799.701 -1.257 1.438 68.373
6801.267 -0.834 1.455 69.150
6802.833 -0.710 1.487 69.317
6804.399 1.103 1.477 68.762
6805.966 -1.919 1.449 69.561
6807.534 -1.897 1.440 69.635
6809.102 -0.363 1.433 68.025
6810.669 -0.310 1.447 69.321
6812.238 -1.907 1.438 70.625
6813.807 -2.315 1.426 69.553
6815.375 -0.502 1.445 69.170
6816.945 0.559 1.477 69.380
6818.515 -0.508 1.460 70.046
6820.086 -0.384 1.445 69.473
6821.656 -0.793 1.434 69.290
6823.227 -0.731 1.442 69.245
6824.798 0.134 1.444 69.165
6826.370 -0.757 1.439 69.730
6827.941 -1.689 1.425 70.144
6829.514 -2.726 1.427 70.584
6831.087 -2.089 1.444 70.731
6832.660 -0.225 1.450 69.376
6834.233 -0.980 1.437 69.489
6835.807 -0.205 1.675 70.365
6837.381 -1.364 1.657 69.443
6838.956 -0.244 1.674 69.629
6840.531 -1.611 1.453 69.535
6842.106 -2.218 1.403 68.493
6843.682 -1.798 1.418 68.955
6845.257 -1.915 1.402 68.481
6846.834 -2.120 1.404 68.756
6848.411 -2.316 1.410 69.443
6849.988 -2.294 1.414 69.936
6851.565 -0.764 1.422 68.915
6853.143 1.185 1.453 69.349
6854.721 -0.414 1.455 69.349
6856.300 0.377 1.453 69.103
6857.879 0.259 1.452 69.024
6859.458 -2.324 1.409 68.830
6861.038 -2.809 1.399 69.116
6862.618 1.172 1.432 68.009
6864.198 -1.279 1.420 69.156
6865.779 -1.085 1.414 68.690
6867.360 -0.680 1.424 69.349
6868.941 -1.363 1.433 70.432
6870.524 -0.530 1.453 70.341
6872.105 -1.119 1.452 70.484
6873.688 0.485 1.455 69.976
6875.271 -2.793 1.425 69.795
6876.854 -1.389 1.419 69.374
6878.438 -1.160 1.443 69.614
6880.022 -1.457 1.467 70.465
6881.606 1.978 1.489 69.810
6883.191 -1.420 1.453 69.836
6884.776 -0.529 1.455 69.281
6886.362 -3.025 1.434 69.782
6887.947 -2.174 1.442 69.243
6889.534 1.953 1.501 68.988
6891.120 -2.725 1.455 70.198
6892.707 -1.403 1.466 70.595
6894.294 -0.704 1.486 70.361
6895.882 -0.003 1.521 70.918
6897.470 -0.094 1.529 70.647
6899.058 -0.768 1.499 70.054
6900.647 -0.103 1.483 70.938
6902.236 -2.298 1.463 70.385
6903.825 -0.313 1.495 70.309
6905.416 -0.775 1.487 70.504
6907.005 -2.189 1.476 71.842
6908.596 -0.538 1.489 70.445
6910.187 -0.097 1.522 70.347
6911.779 -0.365 1.527 71.515
6913.370 -0.011 1.531 71.893
6914.962 -0.183 1.499 70.354
6916.555 -1.410 1.472 69.523
6918.147 -4.014 1.448 70.922
6919.740 -1.085 1.476 70.641
6921.334 -0.985 1.457 70.284
6922.928 -1.474 1.440 70.031
6924.522 -1.242 1.451 70.074
6926.117 -1.333 1.457 70.511
6927.712 -1.785 1.457 69.702
6929.307 -1.957 1.446 69.945
6930.903 -2.291 1.445 70.620
6932.499 -2.752 1.421 69.518
6934.095 -2.622 1.438 69.361
6935.692 -3.246 1.451 71.011
6937.290 -1.766 1.475 70.917
6938.887 1.013 1.499 69.894
6940.485 -0.831 1.499 70.323
6942.083 -0.982 1.518 70.750
6943.682 0.255 1.548 70.729
6945.281 0.438 1.561 70.450
6946.880 -0.536 1.575 70.765
6948.480 -0.364 1.629 69.927
6950.080 0.400 1.687 69.557
6951.680 -0.192 1.723 70.099
6953.282 0.671 1.730 69.868
6954.883 -3.030 1.646 69.943
6956.484 -4.269 1.566 71.201
6958.086 -0.749 1.555 70.737
6959.689 -1.399 1.542 70.325
6961.291 -4.255 1.541 71.180
6962.895 -3.639 1.530 70.900
6964.498 -2.015 1.518 71.188
6966.102 -2.623 1.487 70.863
6967.706 -4.837 1.463 71.308
6969.311 -3.873 1.467 70.665
6970.916 -3.307 1.482 71.457
6972.521 -1.304 1.543 71.553
6974.127 0.171 1.573 69.941
6975.732 -1.618 1.552 70.036
6977.339 -0.838 1.526 69.399
6978.946 -0.103 1.521 69.869
6980.553 -0.951 1.565 70.272
6982.161 -1.611 1.675 69.957
6983.768 -1.496 1.762 69.652
6985.376 -1.604 1.725 70.281
6986.985 -1.708 1.581 70.546
6988.594 -0.563 1.537 70.162
6990.203 -1.187 1.579 72.019
6991.813 -1.587 1.602 72.147
6993.423 -0.879 1.591 70.894
6995.034 -1.839 1.545 71.016
6996.645 -2.037 1.523 71.411
6998.255 -3.399 1.511 71.426
6999.867 -2.889 1.513 70.965
7001.479 0.282 1.542 70.344
7003.091 -0.369 1.549 70.611
7004.704 -1.113 1.531 70.700
7006.317 -0.414 1.508 69.881
7007.931 -1.157 1.522 70.227
7009.545 0.744 1.564 69.354
7011.159 -2.168 1.552 70.326
7012.773 -2.737 1.510 70.306
7014.389 0.609 1.508 69.308
7016.004 -1.447 1.498 69.516
7017.620 -2.538 1.483 69.678
7019.235 -0.574 1.537 70.116
7020.852 0.984 1.666 69.791
7022.469 0.178 1.793 69.617
7024.085 -1.777 1.713 70.617
7025.703 -0.022 1.578 70.978
7027.322 -0.934 1.510 70.360
7028.939 0.555 1.525 70.249
7030.558 -1.927 1.501 70.367
7032.178 -0.846 1.519 70.564
7033.797 1.714 1.602 70.334
7035.417 0.761 1.631 70.692
7037.036 0.128 1.576 70.741
7038.657 -0.079 1.534 70.340
7040.278 1.281 1.553 71.345
7041.899 -0.241 1.563 71.958
7043.521 0.645 1.612 71.884
7045.143 -0.214 1.698 71.998
7046.765 -0.591 1.690 70.578
7048.388 2.458 1.646 71.155
7050.011 0.734 1.597 73.442
7051.635 1.710 1.570 71.486
7053.259 1.967 1.570 71.435
7054.883 0.203 1.546 71.387
7056.507 0.359 1.529 69.934
7058.133 0.428 1.522 68.979
7059.758 0.998 1.522 68.777
7061.384 0.857 1.530 67.830
7063.010 -2.043 1.540 68.657
7064.636 -1.278 1.533 69.107
7066.264 0.522 1.492 67.405
7067.891 1.011 1.500 68.010
7069.518 1.943 1.525 66.909
7071.146 -0.621 1.560 67.257
7072.774 0.027 1.633 67.552
7074.403 -0.618 1.640 68.599
7076.032 0.942 1.805 68.352
7077.662 1.088 1.747 68.828
7079.292 -0.939 1.724 68.830
7080.922 -1.007 1.727 69.815
7082.553 0.020 1.739 69.866
7084.184 0.598 1.722 68.305
7085.815 -0.194 1.721 68.408
7087.447 1.298 1.465 66.301
7089.079 -0.610 1.439 66.617
7090.712 -1.013 1.437 66.262
7092.344 0.347 1.455 66.155
7093.978 1.566 1.483 64.904
7095.611 -0.908 1.488 65.680
7097.245 -1.682 1.489 65.997
7098.880 -1.732 1.450 66.265
7100.514 -1.850 1.424 66.378
7102.150 -0.302 1.473 66.989
7103.785 1.377 1.548 66.706
7105.421 0.670 1.555 66.394
7107.058 -0.298 1.490 66.721
7108.694 -1.859 1.455 68.043
7110.331 -0.707 1.450 67.603
7111.968 0.086 1.434 65.871
7113.606 -1.790 1.415 66.527
7115.244 -3.137 1.395 66.648
7116.883 -1.151 1.407 66.678
7118.522 -3.057 1.392 66.174
7120.161 -3.474 1.389 66.847
7121.801 -2.014 1.404 66.923
7123.440 -1.235 1.403 65.982
7125.082 -1.866 1.404 66.144
7126.722 -0.428 1.420 65.958
7128.363 -1.404 1.408 65.424
7130.005 -1.062 1.421 65.209
7131.647 0.296 1.424 64.018
7133.289 -1.526 1.401 64.741
7134.931 -0.946 1.391 64.326
7136.575 1.421 1.430 64.637
7138.218 3.544 1.517 65.704
7139.862 4.079 1.539 65.733
7141.506 3.006 1.481 64.457
7143.151 -0.041 1.419 64.761
7144.796 -2.394 1.398 66.731
7146.440 0.443 1.409 65.111
7148.086 0.751 1.396 64.461
7149.733 -2.633 1.383 66.187
7151.379 -1.756 1.379 65.129
7153.026 -0.937 1.392 65.131
7154.673 -1.146 1.400 65.810
7156.321 -0.586 1.419 65.274
7157.969 -1.344 1.416 65.878
7159.618 0.336 1.434 65.690
7161.267 -1.002 1.406 64.695
7162.915 -1.517 1.408 64.971
7164.565 -0.806 1.428 66.497
7166.215 -2.413 1.391 65.774
7167.865 -3.243 1.384 65.680
7169.515 -0.364 1.410 65.253
7171.167 -0.769 1.426 65.765
7172.818 0.805 1.456 66.010
7174.470 -0.004 1.448 66.595
7176.123 -0.210 1.438 66.912
7177.774 -1.412 1.432 66.733
7179.428 -1.785 1.448 67.498
7181.081 -3.194 1.416 66.671
7182.735 -1.697 1.439 67.329
7184.389 -2.985 1.436 66.792
7186.043 -0.547 1.431 66.474
7187.698 -2.451 1.386 65.694
7189.353 0.941 1.412 65.119
7191.009 -3.023 1.372 64.762
7192.665 -0.860 1.400 64.961
7194.321 -1.761 1.380 64.928
7195.978 -1.644 1.455 65.172
7197.635 -1.660 1.636 65.812
7199.292 -0.243 1.644 65.222
7200.951 0.727 1.628 65.336
7202.608 -1.133 1.389 65.561
7204.268 0.029 1.407 65.854
7205.926 0.348 1.430 65.731
7207.585 -0.385 1.425 64.914
7209.246 -0.192 1.427 65.135
7210.905 -1.687 1.384 65.653
7212.566 -1.009 1.371 64.852
7214.227 -1.171 1.390 65.101
7215.889 -0.769 1.404 66.187
7217.550 -1.300 1.432 66.248
7219.212 -0.939 1.465 67.002
7220.875 0.084 1.560 67.152
7222.538 -0.648 1.509 66.286
7224.201 -1.378 1.437 66.378
7225.865 -1.287 1.403 66.482
7227.528 -1.759 1.412 65.796
7229.193 1.174 1.431 65.897
7230.858 -2.221 1.408 67.424
7232.523 -2.553 1.397 68.092
7234.189 -0.725 1.432 68.169
7235.854 1.952 1.461 66.981
7237.521 0.463 1.454 67.504
7239.188 -2.246 1.429 68.534
7240.854 0.556 1.456 68.283
7242.521 1.991 1.492 68.140
7244.190 -1.286 1.474 68.431
7245.858 -1.813 1.436 69.187
7247.527 -0.851 1.441 68.050
7249.196 0.053 1.427 66.477
7250.865 0.346 1.439 66.794
7252.535 -0.380 1.455 67.666
7254.205 0.437 1.460 67.680
7255.875 -1.270 1.434 67.693
7257.546 -0.606 1.436 67.680
7259.218 -1.378 1.432 68.567
7260.890 -1.566 1.412 67.498
7262.561 -1.062 1.423 66.790
7264.234 -1.861 1.419 66.799
7265.906 -0.090 1.456 67.625
7267.580 0.941 1.487 67.417
7269.253 -2.874 1.447 67.954
7270.928 -0.654 1.454 67.778
7272.602 -1.764 1.430 68.219
7274.276 -0.742 1.440 68.598
7275.952 0.048 1.443 68.106
7277.627 -0.643 1.444 68.501
7279.303 1.754 1.480 67.480
7280.979 0.458 1.489 67.981
7282.657 -0.288 1.467 67.161
7284.333 -1.181 1.433 67.818
7286.011 -0.070 1.446 67.690
7287.688 -0.012 1.471 66.878
7289.367 -4.548 1.530 67.100
7291.045 -1.933 1.729 67.373
7292.725 -2.014 1.873 66.204
7294.404 -2.340 2.043 66.733
7296.084 4.050 2.255 66.313
7297.764 1.689 2.347 67.058
7299.445 3.459 2.409 68.107
7301.125 -1.875 2.272 67.411
7302.807 -2.667 2.165 68.759
7304.489 -1.506 2.065 68.069
7306.171 -0.554 1.926 68.346
7307.853 -3.502 1.761 69.102
7309.537 0.248 1.695 68.474
7311.219 0.401 1.598 68.420
7312.903 -1.482 1.540 68.417
7314.587 -3.017 1.565 69.125
7316.271 0.168 1.698 69.025
7317.956 4.308 1.808 67.899
7319.642 1.647 1.834 67.298
7321.327 1.354 1.892 69.295
7323.013 -0.075 1.855 68.343
7324.700 1.294 1.825 67.795
7326.386 0.802 1.772 68.493
7328.073 -0.142 1.740 68.080
7329.761 0.466 1.729 69.002
7331.449 -1.571 1.677 68.653
7333.137 -2.465 1.697 68.665
7334.826 -0.403 1.700 68.947
7336.515 0.759 1.691 69.724
7338.205 -0.364 1.672 69.764
7339.894 -1.293 1.625 70.463
7341.585 -2.204 1.623 69.907
7343.275 -0.139 1.612 69.262
7344.967 -0.001 1.567 69.497
7346.658 -0.404 1.576 69.527
7348.350 -1.849 1.532 69.412
7350.042 -3.223 1.473 69.226
7351.735 -1.615 1.499 68.449
7353.428 -3.357 1.510 69.648
7355.122 -0.484 1.515 69.459
7356.815 -2.484 1.481 68.183
7358.508 -0.664 1.483 67.681
7360.204 -2.105 1.454 68.706
7361.898 -3.096 1.455 69.192
7363.594 -1.582 1.463 67.663
7365.290 -0.529 1.473 67.975
7366.986 -0.823 1.472 68.595
7368.682 -0.823 1.498 69.061
7370.379 -0.643 1.494 69.055
7372.076 0.498 1.501 69.603
7373.774 -0.412 1.519 70.191
7375.472 0.098 1.513 69.570
7377.170 0.277 1.520 70.458
7378.869 0.791 1.524 70.354
7380.568 0.988 1.527 70.176
7382.268 -0.458 1.533 71.689
7383.968 1.479 1.545 70.311
7385.668 1.619 1.526 69.674
7387.369 -1.877 1.482 70.088
7389.071 -1.144 1.489 69.009
7390.772 -1.766 1.481 69.043
7392.475 -1.259 1.463 69.090
7394.177 -0.454 1.461 68.674
7395.879 -1.594 1.467 69.572
7397.582 -2.293 1.461 69.893
7399.286 -1.450 1.492 69.596
7400.990 -0.445 1.593 69.611
7402.694 -1.225 1.699 71.103
7404.399 -2.949 1.724 71.585
7406.104 -0.530 1.747 69.312
7407.810 -1.201 1.655 69.495
7409.515 -0.749 1.564 71.319
7411.222 -1.882 1.492 70.224
7412.929 0.196 1.506 68.366
7414.636 -3.162 1.509 69.754
7416.343 -1.602 1.504 70.043
7418.051 2.002 1.504 68.399
7419.759 1.967 1.484 67.897
7421.468 -0.351 1.469 68.870
7423.177 -3.215 1.463 69.255
7424.886 0.971 1.491 68.550
7426.597 -1.752 1.458 69.161
7428.306 -0.381 1.494 69.877
7430.017 2.026 1.519 69.651
7431.728 1.476 1.510 69.300
7433.440 -0.363 1.500 70.331
7435.152 -0.783 1.509 70.884
7436.863 1.728 1.654 70.609
7438.577 0.552 1.806 69.615
7440.289 -1.210 1.754 70.217
7442.002 -1.564 1.574 71.555
7443.716 -3.160 1.494 71.462
7445.430 0.331 1.528 69.708
7447.146 1.556 1.597 69.297
7448.860 -0.103 1.601 69.626
7450.575 -0.156 1.547 70.148
7452.291 -1.691 1.477 70.683
7454.007 0.367 1.505 70.407
7455.724 -3.208 1.499 72.131
7457.440 -1.883 1.517 71.970
7459.159 -2.094 1.517 72.057
7460.876 -2.664 1.498 71.322
7462.595 -0.642 1.502 70.600
7464.312 -0.753 1.497 70.828
7466.031 -2.123 1.516 71.195
7467.750 -3.283 1.534 71.943
7469.471 0.541 1.558 70.226
7471.191 1.318 1.540 69.847
7472.911 -0.540 1.512 70.922
7474.632 -1.049 1.501 70.578
7476.354 -1.775 1.503 70.620
7478.075 0.763 1.573 70.741
7479.797 0.452 1.667 70.358
7481.520 -1.850 1.705 70.725
7483.242 1.331 1.639 70.663
7484.966 0.409 1.541 70.222
7486.689 -1.097 1.493 70.987
7488.414 -0.390 1.505 70.548
7490.138 0.723 1.510 70.469
7491.863 0.934 1.530 70.240
7493.588 -0.517 1.561 70.358
7495.314 -0.011 1.568 69.907
7497.040 -0.501 1.529 69.226
7498.766 1.134 1.502 68.723
7500.493 -0.744 1.495 69.029
7502.220 1.398 1.523 69.508
7503.948 2.119 1.545 69.672
7505.676 -1.156 1.666 71.040
7507.405 -0.568 1.776 71.425
7509.134 -0.747 1.714 70.921
7510.863 0.991 1.576 70.943
7512.592 -1.452 1.512 71.072
7514.322 0.305 1.516 70.328
7516.052 -1.724 1.495 70.725
7517.784 0.369 1.538 71.375
7519.515 3.217 1.564 70.651
7521.246 2.722 1.556 70.659
7522.979 1.330 1.555 70.666
7524.711 2.377 1.603 71.279
7526.443 -1.814 1.574 71.007
7528.177 0.937 1.571 70.016
7529.910 0.825 1.547 70.104
7531.645 -1.707 1.515 70.936
7533.379 1.070 1.562 71.080
7535.114 2.871 1.639 71.020
7536.849 -0.385 1.726 71.453
7538.584 -0.869 1.776 71.432
7540.321 0.233 1.681 71.691
7542.057 1.219 1.626 71.694
7543.794 0.687 1.615 72.035
7545.531 -2.419 1.577 71.895
7547.269 -0.018 1.575 71.468
7549.006 0.917 1.576 71.475
7550.746 1.255 1.576 70.987
7552.484 -0.362 1.577 70.747
7554.224 0.250 1.629 71.499
7555.963 -0.713 1.608 70.916
7557.703 0.641 1.574 71.276
7559.443 -0.489 1.547 70.346
7561.185 -0.840 1.568 70.887
7562.925 -0.786 1.614 71.516
7564.667 1.270 1.650 71.359
7566.409 1.083 1.628 71.189
7568.152 2.453 1.606 70.509
7569.895 0.825 1.599 70.661
7571.638 -1.538 1.667 70.160
7573.381 -2.660 1.713 71.480
7575.125 -0.624 1.632 71.804
7576.869 -2.635 1.554 71.660
7578.615 0.166 1.565 71.493
7580.359 -0.837 1.566 71.983
7582.105 -0.163 1.553 71.465
7583.852 -0.182 1.546 71.000
7585.598 -1.377 1.550 70.713
7587.345 1.161 1.573 69.617
7589.092 1.948 1.573 70.906
7590.840 -1.047 1.524 69.920
7592.588 -1.467 1.550 69.276
7594.336 1.654 1.747 68.507
7596.085 1.648 1.907 68.258
7597.834 -3.737 1.697 69.217
7599.584 -1.595 1.580 68.343
7601.334 -0.452 1.643 68.540
7603.084 -1.741 1.680 69.516
7604.835 -0.093 1.604 68.520
7606.586 1.088 1.536 68.271
7608.338 -2.591 1.494 69.549
7610.090 -2.212 1.517 68.503
7611.843 -1.411 1.603 68.932
7613.596 -1.284 1.636 69.665
7615.349 -1.630 1.560 69.226
7617.103 -1.702 1.519 69.252
7618.857 0.529 1.522 68.321
7620.611 3.310 1.538 67.127
7622.367 -2.654 1.480 68.185
7624.122 -1.417 1.506 68.787
7625.877 -1.098 1.521 68.796
7627.633 0.012 1.547 69.425
7629.390 0.853 2.289 69.939
7631.146 2.856 2.340 68.711
7632.905 -2.511 1.493 68.029
7634.662 1.093 1.518 67.826
7636.420 -0.582 1.523 68.400
7638.179 1.852 1.531 67.529
7639.938 -0.553 1.519 67.566
7641.697 -3.224 1.547 68.727
7643.457 -2.519 1.642 68.646
7645.217 -0.557 1.674 67.924
7646.977 -0.221 1.601 67.921
7648.739 -0.129 1.553 68.258
7650.500 0.189 1.542 68.117
7652.262 0.776 1.544 68.935
7654.024 -1.348 1.512 68.247
7655.787 -0.772 1.540 67.059
7657.550 2.088 1.612 66.658
7659.313 -4.339 1.552 67.321
7661.077 -0.577 1.523 66.755
7662.841 -1.873 1.463 65.590
7664.605 1.536 1.476 63.629
7666.371 -1.658 1.452 65.324
7668.136 -3.142 1.442 65.172
7669.902 0.627 1.551 64.953
7671.668 1.026 1.697 66.209
7673.435 -1.157 1.624 65.291
7675.202 -2.372 1.517 66.792
7676.970 -1.093 1.490 66.521
7678.737 -4.046 1.466 67.966
7680.505 -0.909 1.499 67.238
7682.274 2.043 1.493 64.370
7684.043 -2.261 1.470 66.713
7685.813 -0.700 1.503 67.669
7687.583 -0.700 1.504 67.358
7689.354 0.785 1.526 67.091
7691.124 -0.544 1.547 66.806
7692.896 -0.761 1.561 67.761
7694.667 -1.052 1.522 67.373
7696.439 -0.749 1.496 66.606
7698.211 -1.119 1.490 66.214
7699.984 0.264 1.503 65.406
7701.757 0.289 1.577 65.491
7703.531 0.735 1.661 65.908
7705.305 0.975 1.637 66.189
7707.079 0.442 1.532 65.270
7708.854 0.675 1.516 65.757
7710.629 2.512 1.516 65.985
7712.405 -1.958 1.474 65.958
7714.181 0.131 1.479 65.636
7715.957 -1.986 1.462 65.317
7717.734 -2.097 1.471 65.809
7719.511 0.408 1.500 65.267
7721.289 0.020 1.510 66.680
7723.068 -0.873 1.501 67.049
7724.846 1.075 1.522 65.917
7726.625 2.404 1.560 65.687
7728.404 0.801 1.573 67.184
7730.184 -2.530 1.526 67.158
7731.963 0.873 1.524 67.808
7733.744 -2.455 1.501 68.650
7735.525 0.089 1.525 67.379
7737.307 0.171 1.574 67.336
7739.088 -4.259 1.538 68.695
7740.871 -0.132 1.537 68.216
7742.653 0.671 1.509 66.605
7744.436 2.509 1.532 66.313
7746.220 1.433 1.525 67.036
7748.003 0.860 1.516 66.522
7749.788 0.672 1.497 65.448
7751.573 1.430 1.509 65.741
7753.358 1.192 1.523 65.475
7755.143 2.700 1.549 66.089
7756.929 1.602 1.524 66.801
7758.715 1.536 1.518 65.381
7760.502 2.966 1.524 64.685
7762.289 0.685 1.545 67.270
7764.077 -1.537 1.522 67.667
7765.864 -1.161 1.530 68.719
7767.653 0.405 1.542 68.380
7769.442 -0.101 1.529 68.004
7771.231 -2.921 1.503 69.198
7773.021 0.434 1.525 67.416
7774.811 1.888 1.542 66.271
7776.601 0.260 1.575 68.724
7778.392 0.722 1.561 67.712
7780.184 0.958 1.527 66.740
7781.975 -0.080 1.513 66.830
7783.767 0.294 1.517 65.924
7785.559 0.895 1.528 66.891
7787.353 -1.024 1.500 66.620
7789.146 1.386 1.519 65.941
7790.939 0.673 1.524 66.881
7792.733 0.183 1.513 66.765
7794.528 1.266 1.518 65.861
7796.323 1.809 1.519 66.258
7798.118 -1.801 1.485 66.407
7799.914 0.371 1.524 66.674
7801.710 0.030 1.535 66.931
7803.507 0.319 1.531 67.087
7805.304 0.331 1.556 68.261
7807.102 -0.184 1.569 68.597
7808.899 0.087 1.578 68.679
7810.698 0.557 1.583 68.885
7812.496 0.536 1.558 67.321
7814.295 -1.861 1.550 68.635
7816.095 -1.092 1.527 67.909
7817.895 -2.421 1.533 68.211
7819.695 -0.071 1.585 68.155
7821.496 -0.823 1.580 68.893
7823.297 0.196 1.568 68.235
7825.099 -1.293 1.543 67.581
7826.901 1.059 1.593 68.908
7828.703 0.869 1.575 68.288
7830.506 -0.504 1.550 67.387
7832.309 -0.480 1.591 67.320
7834.113 -0.737 1.638 67.593
7835.917 2.451 1.644 66.216
7837.722 -0.615 1.576 67.213
7839.526 -1.139 1.545 66.258
7841.332 0.526 1.615 68.059
7843.137 2.137 1.628 67.588
7844.944 2.081 1.579 66.783
7846.750 -1.583 1.578 68.281
7848.557 1.665 1.648 66.699
7850.364 -0.632 1.629 67.244
7852.172 -2.216 1.613 67.743
7853.981 1.707 1.640 67.766
7855.789 1.005 1.614 66.787
7857.598 -0.770 1.601 67.117
7859.408 -2.106 1.600 66.624
7861.218 1.201 1.651 68.214
7863.028 1.537 1.622 67.132
7864.838 -1.495 1.597 67.294
7866.650 1.184 1.672 68.334
7868.461 4.441 1.685 66.767
7870.273 0.976 1.642 68.070
7872.085 -1.649 1.595 68.458
7873.899 -0.319 1.578 66.681
7875.712 -1.770 1.568 67.071
7877.525 0.960 1.594 68.028
7879.340 -4.787 1.499 67.551
7881.155 0.245 1.819 66.453
7882.969 -0.173 1.799 65.451
7884.785 2.967 1.884 66.443
7886.600 2.660 1.906 66.544
7888.416 5.216 1.650 66.625
7890.232 0.965 1.589 67.158
7892.049 2.507 1.616 66.881
7893.867 1.867 1.610 66.485
7895.685 -0.840 1.634 66.930
7897.503 1.329 1.706 66.780
7899.321 -1.302 1.669 67.509
7901.141 -3.008 1.562 66.064
7902.960 0.785 1.570 64.558
7904.781 1.233 1.586 65.667
7906.602 -0.136 1.551 66.031
7908.421 -2.114 1.521 66.448
7910.243 -1.487 1.553 66.643
7912.064 0.721 1.595 65.408
7913.887 0.206 1.554 64.087
7915.709 -2.888 1.504 66.024
7917.532 -1.891 1.494 65.435
7919.356 -1.311 1.493 64.805
7921.178 -3.835 1.498 65.953
7923.003 -3.233 1.534 65.837
7924.829 -0.818 1.623 67.038
7926.652 -2.252 1.604 67.184
7928.479 -0.211 1.589 66.473
7930.303 -1.710 1.538 65.901
7932.130 -0.518 1.546 65.834
7933.957 -0.495 1.543 65.973
7935.783 -2.973 1.526 66.495
7937.612 0.614 1.547 64.730
7939.439 1.269 1.589 64.174
7941.267 1.051 1.604 64.307
7943.096 0.280 1.599 63.511
7944.926 0.581 1.630 63.723
7946.754 -1.437 1.742 64.670
7948.585 0.030 1.789 64.805
7950.416 0.509 1.697 64.513
7952.247 -0.806 1.660 66.101
7954.078 -2.464 1.816 66.631
7955.909 -0.968 1.878 66.122
7957.742 -0.823 1.680 65.877
7959.574 -2.646 1.595 66.356
7961.407 -0.840 1.650 65.820
7963.241 -0.595 1.709 66.683
7965.075 -1.702 1.789 66.325
7966.908 0.111 1.867 67.455
7968.743 -0.782 1.686 67.672
7970.577 -1.876 1.685 67.974
7972.413 4.179 1.667 66.693
7974.250 -0.523 1.603 66.295
7976.085 -2.880 1.633 68.218
7977.922 -1.884 1.667 68.336
7979.760 -2.273 1.647 68.817
7981.598 1.235 1.635 66.233
7983.435 -0.304 1.623 66.483
7985.274 -1.453 1.599 66.413
7987.112 0.620 1.626 66.963
7988.952 0.327 1.619 67.307
7990.792 1.808 1.596 66.221
7992.632 -0.276 1.560 65.696
7994.473 1.017 1.593 66.559
7996.314 -1.980 1.580 67.714
7998.154 -2.038 1.563 67.388
7999.997 0.616 1.583 65.228
